#EEP   M/Mo    LogTeff  LogG   LogL/Lo F435W   F475W   F502N   F550M   F555W   F606W   F625W   F658N   F660N   F775W   F814W   F850LP  
   9  0.100468  3.5292  5.2735 -2.7633 15.0527 14.2418 14.2416 12.9244 13.3000 12.7328 12.3943 11.7532 11.7946 11.2130 11.0471 10.6839
  10  0.116636  3.5383  5.2260 -2.6146 14.5012 13.7300 13.6971 12.4542 12.8128 12.2496 11.9092 11.3300 11.3761 10.8182 10.6623 10.3137
  11  0.134963  3.5472  5.1796 -2.4692 13.9739 13.2379 13.1770 12.0043 12.3467 11.7863 11.4448 10.9192 10.9689 10.4333 10.2864  9.9515
  12  0.154646  3.5553  5.1399 -2.3380 13.5071 12.8000 12.7169 11.6049 11.9333 11.3757 11.0341 10.5514 10.6042 10.0871  9.9478  9.6250
  13  0.175152  3.5626  5.1054 -2.2204 13.0950 12.4118 12.3104 11.2509 11.5674 11.0136 10.6725 10.2237 10.2790  9.7780  9.6452  9.3327
  14  0.190392  3.5673  5.0830 -2.1430 12.8290 12.1602 12.0474 11.0210 11.3301 10.7797 10.4395 10.0099 10.0667  9.5759  9.4470  9.1410
  15  0.200619  3.5701  5.0696 -2.0957 12.6681 12.0076 11.8879 10.8813 11.1860 10.6382 10.2986  9.8797  9.9374  9.4525  9.3259  9.0237
  16  0.207852  3.5718  5.0613 -2.0649 12.5645 11.9091 11.7851 10.7909 11.0930 10.5469 10.2079  9.7953  9.8535  9.3725  9.2473  8.9475
  17  0.213657  3.5732  5.0550 -2.0413 12.4861 11.8344 11.7071 10.7223 11.0223 10.4776 10.1391  9.7310  9.7896  9.3115  9.1873  8.8892
  18  0.218585  3.5742  5.0495 -2.0216 12.4207 11.7721 11.6422 10.6649 10.9633 10.4198 10.0817  9.6773  9.7361  9.2604  9.1370  8.8403
  19  0.223132  3.5752  5.0441 -2.0035 12.3612 11.7153 11.5829 10.6126 10.9095 10.3671 10.0294  9.6281  9.6873  9.2135  9.0909  8.7955
  20  0.227586  3.5761  5.0388 -1.9858 12.3032 11.6599 11.5251 10.5615 10.8569 10.3157  9.9784  9.5802  9.6396  9.1679  9.0459  8.7518
  21  0.232383  3.5771  5.0331 -1.9670 12.2416 11.6010 11.4637 10.5073 10.8012 10.2613  9.9244  9.5293  9.5889  9.1194  8.9982  8.7053
  22  0.238097  3.5783  5.0266 -1.9452 12.1698 11.5325 11.3921 10.4442 10.7363 10.1980  9.8616  9.4701  9.5301  9.0631  8.9427  8.6514
  23  0.245215  3.5799  5.0186 -1.9183 12.0805 11.4473 11.3032 10.3660 10.6558 10.1197  9.7840  9.3969  9.4573  8.9935  8.8743  8.5849
  24  0.254615  3.5820  5.0076 -1.8826 11.9612 11.3335 11.1840 10.2617 10.5485 10.0155  9.6810  9.2995  9.3605  8.9011  8.7834  8.4966
  25  0.266174  3.5845  4.9940 -1.8394 11.8169 11.1959 11.0397 10.1358 10.4188  9.8901  9.5571  9.1819  9.2436  8.7896  8.6736  8.3901
  26  0.278314  3.5873  4.9796 -1.7944 11.6654 11.0513 10.8881 10.0038 10.2827  9.7591  9.4280  9.0590  9.1214  8.6732  8.5591  8.2791
  27  0.289912  3.5903  4.9653 -1.7507 11.5159 10.9089 10.7384  9.8744 10.1492  9.6312  9.3021  8.9390  9.0021  8.5600  8.4478  8.1713
  28  0.301217  3.5935  4.9505 -1.7063 11.3608 10.7615 10.5834  9.7412 10.0116  9.5001  9.1736  8.8161  8.8800  8.4447  8.3344  8.0618
  29  0.315972  3.5984  4.9290 -1.6445 11.1413 10.5532 10.3644  9.5539  9.8179  9.3170  8.9945  8.6444  8.7093  8.2842  8.1767  7.9097
  30  0.332924  3.6050  4.9024 -1.5686 10.8650 10.2919 10.0899  9.3204  9.5761  9.0903  8.7738  8.4321  8.4980  8.0866  7.9828  7.7234
  31  0.348205  3.6120  4.8789 -1.4977 10.5998 10.0418  9.8278  9.0986  9.3461  8.8766  8.5668  8.2327  8.2992  7.9023  7.8022  7.5506
  32  0.358384  3.6173  4.8642 -1.4495 10.4141  9.8671  9.6452  8.9447  9.1862  8.7294  8.4249  8.0960  8.1628  7.7770  7.6795  7.4338
  33  0.366265  3.6218  4.8531 -1.4107 10.2621  9.7243  9.4963  8.8194  9.0560  8.6102  8.3103  7.9859  8.0527  7.6765  7.5814  7.3407
  34  0.373123  3.6261  4.8438 -1.3762 10.1255  9.5960  9.3629  8.7069  8.9391  8.5034  8.2079  7.8876  7.9542  7.5870  7.4940  7.2580
  35  0.380112  3.6307  4.8348 -1.3406  9.9833  9.4626  9.2244  8.5900  8.8176  8.3928  8.1020  7.7864  7.8524  7.4950  7.4043  7.1734
  36  0.388220  3.6364  4.8253 -1.2994  9.8134  9.3035  9.0596  8.4518  8.6735  8.2625  7.9778  7.6683  7.7332  7.3883  7.3004  7.0759
  37  0.398745  3.6440  4.8146 -1.2465  9.5887  9.0936  8.8425  8.2710  8.4845  8.0926  7.8168  7.5162  7.5790  7.2514  7.1674  6.9519
  38  0.411384  3.6539  4.8040 -1.1829  9.3131  8.8364  8.5767  8.0519  8.2542  7.8866  7.6226  7.3336  7.3932  7.0866  7.0074  6.8029
  39  0.425141  3.6658  4.7957 -1.1128  9.0018  8.5461  8.2760  7.8097  7.9962  7.6573  7.4083  7.1331  7.1888  6.9046  6.8306  6.6388
  40  0.440767  3.6796  4.7883 -1.0342  8.6588  8.2268  7.9502  7.5460  7.7130  7.4046  7.1732  6.9119  6.9641  6.7008  6.6323  6.4539
  41  0.459177  3.6950  4.7785 -0.9451  8.2870  7.8854  7.6145  7.2624  7.4095  7.1307  6.9174  6.6661  6.7176  6.4744  6.4114  6.2470
  42  0.479184  3.7112  4.7674 -0.8509  7.9173  7.5482  7.2907  6.9754  7.1069  6.8523  6.6544  6.4135  6.4634  6.2397  6.1822  6.0322
  43  0.494895  3.7231  4.7578 -0.7795  7.6473  7.3066  7.0646  6.7689  6.8910  6.6515  6.4634  6.2303  6.2786  6.0669  6.0132  5.8730
  44  0.506080  3.7311  4.7499 -0.7299  7.4658  7.1446  6.9140  6.6297  6.7463  6.5163  6.3344  6.1070  6.1543  5.9503  5.8990  5.7653
  45  0.514628  3.7371  4.7434 -0.6923  7.3309  7.0243  6.8024  6.5261  6.6389  6.4157  6.2383  6.0152  6.0615  5.8634  5.8139  5.6848
  46  0.522431  3.7424  4.7371 -0.6582  7.2105  6.9171  6.7031  6.4335  6.5430  6.3258  6.1523  5.9330  5.9783  5.7854  5.7375  5.6124
  47  0.530452  3.7477  4.7303 -0.6235  7.0905  6.8099  6.6038  6.3408  6.4472  6.2357  6.0660  5.8506  5.8948  5.7070  5.6606  5.5396
  48  0.538985  3.7531  4.7225 -0.5871  6.9670  6.6991  6.5007  6.2445  6.3478  6.1420  5.9761  5.7648  5.8078  5.6252  5.5803  5.4633
  49  0.547931  3.7586  4.7136 -0.5493  6.8413  6.5860  6.3955  6.1457  6.2460  6.0457  5.8836  5.6764  5.7183  5.5407  5.4973  5.3844
  50  0.556922  3.7637  4.7037 -0.5116  6.7188  6.4750  6.2922  6.0481  6.1457  5.9506  5.7921  5.5888  5.6297  5.4567  5.4148  5.3057
  51  0.565272  3.7683  4.6937 -0.4769  6.6085  6.3744  6.1980  5.9591  6.0542  5.8636  5.7081  5.5084  5.5483  5.3793  5.3387  5.2328
  52  0.570181  3.7709  4.6875 -0.4566  6.5447  6.3162  6.1435  5.9075  6.0013  5.8132  5.6595  5.4617  5.5011  5.3344  5.2944  5.1904
  53  0.575101  3.7734  4.6812 -0.4363  6.4813  6.2586  6.0903  5.8568  5.9493  5.7638  5.6119  5.4157  5.4549  5.2904  5.2511  5.1489
  54  0.579996  3.7760  4.6748 -0.4163  6.4188  6.2019  6.0376  5.8067  5.8980  5.7150  5.5648  5.3702  5.4091  5.2469  5.2082  5.1077
  55  0.584862  3.7784  4.6685 -0.3964  6.3575  6.1457  5.9852  5.7568  5.8469  5.6663  5.5179  5.3250  5.3635  5.2035  5.1655  5.0666
  56  0.589671  3.7809  4.6623 -0.3768  6.2978  6.0902  5.9322  5.7067  5.7956  5.6173  5.4705  5.2798  5.3174  5.1597  5.1224  5.0253
  57  0.594416  3.7833  4.6561 -0.3576  6.2395  6.0356  5.8799  5.6573  5.7451  5.5690  5.4236  5.2352  5.2720  5.1164  5.0798  4.9845
  58  0.599087  3.7857  4.6501 -0.3387  6.1824  5.9822  5.8287  5.6090  5.6956  5.5217  5.3778  5.1917  5.2276  5.0741  5.0382  4.9447
  59  0.603678  3.7880  4.6444 -0.3202  6.1264  5.9302  5.7793  5.5622  5.6477  5.4760  5.3336  5.1494  5.1848  5.0334  4.9980  4.9062
  60  0.608193  3.7904  4.6388 -0.3020  6.0714  5.8792  5.7310  5.5165  5.6009  5.4313  5.2906  5.1084  5.1431  4.9937  4.9590  4.8688
  61  0.612636  3.7927  4.6335 -0.2841  6.0172  5.8290  5.6835  5.4717  5.5549  5.3877  5.2486  5.0685  5.1026  4.9552  4.9211  4.8325
  62  0.617005  3.7950  4.6283 -0.2665  5.9638  5.7795  5.6366  5.4277  5.5098  5.3450  5.2076  5.0300  5.0632  4.9178  4.8844  4.7974
  63  0.621308  3.7973  4.6232 -0.2493  5.9114  5.7309  5.5905  5.3845  5.4654  5.3030  5.1673  4.9924  5.0246  4.8812  4.8484  4.7630
  64  0.625544  3.7996  4.6181 -0.2323  5.8602  5.6833  5.5452  5.3421  5.4218  5.2618  5.1277  4.9552  4.9866  4.8451  4.8128  4.7291
  65  0.629718  3.8017  4.6129 -0.2156  5.8106  5.6369  5.5009  5.3002  5.3790  5.2209  5.0883  4.9179  4.9486  4.8089  4.7773  4.6951
  66  0.633839  3.8038  4.6077 -0.1992  5.7621  5.5913  5.4574  5.2589  5.3368  5.1806  5.0494  4.8808  4.9109  4.7731  4.7420  4.6613
  67  0.637908  3.8058  4.6024 -0.1830  5.7146  5.5466  5.4145  5.2182  5.2952  5.1409  5.0109  4.8441  4.8736  4.7375  4.7070  4.6277
  68  0.641930  3.8078  4.5969 -0.1669  5.6679  5.5025  5.3723  5.1780  5.2542  5.1016  4.9729  4.8079  4.8368  4.7024  4.6724  4.5945
  69  0.645912  3.8096  4.5912 -0.1511  5.6221  5.4592  5.3305  5.1382  5.2136  5.0627  4.9353  4.7719  4.8003  4.6675  4.6380  4.5615
  70  0.649860  3.8114  4.5852 -0.1354  5.5770  5.4163  5.2893  5.0988  5.1735  5.0242  4.8979  4.7363  4.7641  4.6327  4.6037  4.5285
  71  0.653768  3.8131  4.5791 -0.1199  5.5326  5.3741  5.2485  5.0599  5.1338  4.9861  4.8609  4.7009  4.7282  4.5982  4.5697  4.4957
  72  0.657634  3.8147  4.5728 -0.1045  5.4888  5.3324  5.2082  5.0213  5.0946  4.9483  4.8242  4.6658  4.6926  4.5640  4.5359  4.4630
  73  0.661450  3.8163  4.5663 -0.0893  5.4458  5.2912  5.1684  4.9832  5.0558  4.9109  4.7879  4.6311  4.6574  4.5300  4.5023  4.4305
  74  0.665220  3.8178  4.5598 -0.0743  5.4033  5.2506  5.1291  4.9455  5.0174  4.8740  4.7519  4.5967  4.6225  4.4963  4.4690  4.3983
  75  0.668939  3.8192  4.5531 -0.0594  5.3616  5.2106  5.0903  4.9082  4.9795  4.8374  4.7163  4.5626  4.5879  4.4629  4.4360  4.3663
  76  0.672602  3.8206  4.5465 -0.0448  5.3205  5.1711  5.0519  4.8714  4.9421  4.8013  4.6811  4.5289  4.5538  4.4299  4.4034  4.3347
  77  0.676214  3.8220  4.5398 -0.0303  5.2799  5.1322  5.0140  4.8350  4.9052  4.7656  4.6464  4.4956  4.5200  4.3972  4.3711  4.3034
  78  0.679770  3.8233  4.5331 -0.0161  5.2400  5.0938  4.9765  4.7991  4.8687  4.7303  4.6120  4.4628  4.4867  4.3650  4.3392  4.2725
  79  0.683269  3.8246  4.5265 -0.0020  5.2007  5.0559  4.9396  4.7637  4.8327  4.6956  4.5782  4.4304  4.4539  4.3332  4.3078  4.2420
  80  0.686709  3.8259  4.5199  0.0118  5.1621  5.0186  4.9033  4.7288  4.7973  4.6614  4.5448  4.3985  4.4215  4.3019  4.2768  4.2120
  81  0.690088  3.8272  4.5134  0.0255  5.1240  4.9820  4.8675  4.6944  4.7624  4.6277  4.5120  4.3671  4.3897  4.2710  4.2463  4.1824
  82  0.694354  3.8288  4.5053  0.0427  5.0759  4.9356  4.8222  4.6510  4.7183  4.5850  4.4705  4.3274  4.3494  4.2320  4.2078  4.1450
  83  0.698564  3.8304  4.4973  0.0597  5.0282  4.8897  4.7774  4.6079  4.6746  4.5429  4.4294  4.2881  4.3096  4.1935  4.1697  4.1081
  84  0.702701  3.8320  4.4894  0.0766  4.9813  4.8443  4.7332  4.5655  4.6315  4.5013  4.3889  4.2495  4.2704  4.1555  4.1321  4.0717
  85  0.706732  3.8335  4.4816  0.0930  4.9352  4.7999  4.6899  4.5238  4.5892  4.4604  4.3492  4.2115  4.2319  4.1182  4.0953  4.0359
  86  0.710672  3.8351  4.4740  0.1093  4.8900  4.7562  4.6473  4.4828  4.5476  4.4202  4.3100  4.1742  4.1941  4.0815  4.0590  4.0008
  87  0.714537  3.8366  4.4664  0.1252  4.8454  4.7131  4.6053  4.4424  4.5066  4.3806  4.2715  4.1375  4.1568  4.0454  4.0233  3.9662
  88  0.718344  3.8381  4.4589  0.1410  4.8014  4.6705  4.5638  4.4025  4.4661  4.3415  4.2334  4.1013  4.1199  4.0097  3.9880  3.9320
  89  0.722103  3.8396  4.4516  0.1566  4.7578  4.6283  4.5227  4.3629  4.4259  4.3027  4.1957  4.0655  4.0835  3.9745  3.9532  3.8982
  90  0.725824  3.8411  4.4444  0.1721  4.7145  4.5865  4.4818  4.3237  4.3861  4.2643  4.1583  4.0300  4.0474  3.9396  3.9187  3.8649
  91  0.729517  3.8426  4.4373  0.1874  4.6716  4.5449  4.4411  4.2847  4.3465  4.2262  4.1213  3.9949  4.0117  3.9051  3.8846  3.8319
  92  0.733188  3.8441  4.4304  0.2026  4.6289  4.5036  4.4007  4.2460  4.3072  4.1883  4.0845  3.9602  3.9763  3.8709  3.8509  3.7993
  93  0.736841  3.8456  4.4235  0.2177  4.5863  4.4625  4.3604  4.2076  4.2682  4.1508  4.0481  3.9260  3.9414  3.8372  3.8176  3.7671
  94  0.740481  3.8472  4.4169  0.2328  4.5437  4.4214  4.3203  4.1695  4.2294  4.1136  4.0121  3.8925  3.9071  3.8039  3.7848  3.7355
  95  0.744109  3.8488  4.4103  0.2477  4.5013  4.3805  4.2804  4.1315  4.1907  4.0766  3.9764  3.8594  3.8731  3.7710  3.7523  3.7042
  96  0.747731  3.8504  4.4039  0.2626  4.4590  4.3397  4.2406  4.0937  4.1523  4.0398  3.9409  3.8265  3.8394  3.7384  3.7201  3.6732
  97  0.751348  3.8519  4.3976  0.2774  4.4167  4.2990  4.2009  4.0561  4.1139  4.0031  3.9055  3.7938  3.8059  3.7059  3.6881  3.6423
  98  0.755010  3.8536  4.3914  0.2923  4.3743  4.2581  4.1610  4.0182  4.0754  3.9663  3.8700  3.7610  3.7724  3.6734  3.6561  3.6115
  99  0.758698  3.8553  4.3852  0.3072  4.3318  4.2171  4.1211  3.9803  4.0368  3.9295  3.8345  3.7282  3.7387  3.6409  3.6240  3.5806
 100  0.762381  3.8569  4.3792  0.3221  4.2894  4.1763  4.0813  3.9426  3.9984  3.8927  3.7990  3.6953  3.7051  3.6085  3.5920  3.5499
 101  0.766040  3.8586  4.3733  0.3368  4.2478  4.1360  4.0421  3.9049  3.9601  3.8560  3.7635  3.6615  3.6709  3.5758  3.5598  3.5187
 102  0.769654  3.8603  4.3675  0.3513  4.2068  4.0963  4.0034  3.8677  3.9223  3.8196  3.7282  3.6277  3.6369  3.5433  3.5277  3.4877
 103  0.773207  3.8620  4.3618  0.3657  4.1664  4.0572  3.9653  3.8310  3.8851  3.7837  3.6934  3.5943  3.6033  3.5112  3.4960  3.4572
 104  0.776681  3.8636  4.3562  0.3798  4.1268  4.0188  3.9279  3.7950  3.8485  3.7485  3.6593  3.5615  3.5702  3.4798  3.4649  3.4271
 105  0.780067  3.8652  4.3507  0.3936  4.0880  3.9812  3.8912  3.7597  3.8127  3.7141  3.6258  3.5294  3.5380  3.4491  3.4346  3.3978
 106  0.783350  3.8668  4.3453  0.4070  4.0501  3.9445  3.8554  3.7252  3.7778  3.6804  3.5932  3.4983  3.5066  3.4191  3.4050  3.3692
 107  0.786518  3.8683  4.3400  0.4201  4.0132  3.9087  3.8205  3.6917  3.7437  3.6477  3.5616  3.4682  3.4761  3.3901  3.3763  3.3415
 108  0.789554  3.8697  4.3348  0.4329  3.9773  3.8739  3.7865  3.6592  3.7107  3.6160  3.5310  3.4396  3.4469  3.3621  3.3487  3.3149
 109  0.792448  3.8711  4.3297  0.4452  3.9422  3.8400  3.7533  3.6277  3.6786  3.5855  3.5015  3.4129  3.4192  3.3354  3.3223  3.2895
 110  0.795192  3.8725  4.3247  0.4571  3.9083  3.8072  3.7211  3.5973  3.6476  3.5559  3.4731  3.3872  3.3925  3.3096  3.2969  3.2651
 111  0.797782  3.8738  4.3198  0.4686  3.8756  3.7755  3.6901  3.5679  3.6177  3.5274  3.4457  3.3624  3.3668  3.2847  3.2724  3.2415
 112  0.799328  3.8746  4.3168  0.4757  3.8557  3.7562  3.6712  3.5500  3.5995  3.5100  3.4289  3.3473  3.3510  3.2695  3.2574  3.2271
 113  0.800852  3.8754  4.3138  0.4827  3.8356  3.7368  3.6522  3.5320  3.5812  3.4925  3.4122  3.3322  3.3353  3.2543  3.2425  3.2127
 114  0.802358  3.8762  4.3109  0.4898  3.8155  3.7173  3.6331  3.5140  3.5628  3.4750  3.3954  3.3172  3.3196  3.2392  3.2275  3.1984
 115  0.803850  3.8771  4.3080  0.4969  3.7953  3.6977  3.6140  3.4959  3.5444  3.4575  3.3785  3.3021  3.3039  3.2240  3.2126  3.1840
 116  0.805326  3.8779  4.3050  0.5040  3.7749  3.6780  3.5947  3.4777  3.5258  3.4398  3.3616  3.2868  3.2880  3.2087  3.1975  3.1695
 117  0.806788  3.8788  4.3019  0.5112  3.7545  3.6582  3.5753  3.4594  3.5071  3.4220  3.3445  3.2714  3.2719  3.1932  3.1822  3.1549
 118  0.808237  3.8796  4.2988  0.5185  3.7340  3.6383  3.5558  3.4409  3.4883  3.4041  3.3272  3.2558  3.2557  3.1776  3.1668  3.1401
 119  0.809675  3.8804  4.2956  0.5258  3.7133  3.6183  3.5362  3.4223  3.4694  3.3860  3.3098  3.2400  3.2392  3.1618  3.1512  3.1250
 120  0.811101  3.8813  4.2923  0.5332  3.6925  3.5982  3.5165  3.4035  3.4502  3.3676  3.2921  3.2236  3.2224  3.1456  3.1353  3.1096
 121  0.812517  3.8821  4.2889  0.5406  3.6717  3.5779  3.4967  3.3845  3.4310  3.3491  3.2742  3.2067  3.2051  3.1292  3.1191  3.0939
 122  0.813925  3.8829  4.2854  0.5481  3.6507  3.5576  3.4768  3.3653  3.4115  3.3304  3.2560  3.1895  3.1877  3.1126  3.1026  3.0779
 123  0.815323  3.8837  4.2819  0.5557  3.6296  3.5370  3.4567  3.3460  3.3919  3.3115  3.2377  3.1722  3.1701  3.0958  3.0860  3.0617
 124  0.816715  3.8845  4.2781  0.5633  3.6083  3.5163  3.4364  3.3265  3.3721  3.2924  3.2192  3.1546  3.1522  3.0787  3.0691  3.0453
 125  0.818099  3.8853  4.2743  0.5711  3.5869  3.4954  3.4160  3.3068  3.3521  3.2731  3.2005  3.1368  3.1341  3.0614  3.0519  3.0286
 126  0.819476  3.8861  4.2703  0.5789  3.5652  3.4743  3.3954  3.2868  3.3320  3.2537  3.1816  3.1187  3.1158  3.0440  3.0346  3.0117
 127  0.820848  3.8868  4.2662  0.5868  3.5434  3.4531  3.3745  3.2667  3.3116  3.2339  3.1624  3.1004  3.0972  3.0262  3.0170  2.9945
 128  0.822212  3.8876  4.2619  0.5948  3.5214  3.4316  3.3535  3.2464  3.2910  3.2140  3.1430  3.0818  3.0784  3.0082  2.9991  2.9770
 129  0.823571  3.8883  4.2574  0.6029  3.4991  3.4099  3.3322  3.2258  3.2701  3.1938  3.1234  3.0630  3.0593  2.9900  2.9810  2.9593
 130  0.824925  3.8890  4.2528  0.6111  3.4767  3.3880  3.3107  3.2050  3.2491  3.1734  3.1035  3.0439  3.0400  2.9714  2.9626  2.9413
 131  0.826272  3.8897  4.2479  0.6193  3.4540  3.3659  3.2890  3.1839  3.2277  3.1527  3.0833  3.0245  3.0204  2.9526  2.9439  2.9229
 132  0.827611  3.8903  4.2427  0.6277  3.4312  3.3435  3.2670  3.1625  3.2062  3.1317  3.0628  3.0047  3.0003  2.9333  2.9247  2.9040
 133  0.828942  3.8909  4.2372  0.6363  3.4081  3.3209  3.2447  3.1409  3.1843  3.1104  3.0419  2.9846  2.9800  2.9136  2.9051  2.8848
 134  0.830268  3.8915  4.2315  0.6449  3.3849  3.2981  3.2223  3.1190  3.1622  3.0888  3.0208  2.9642  2.9594  2.8936  2.8852  2.8651
 135  0.831587  3.8920  4.2255  0.6536  3.3614  3.2751  3.1996  3.0969  3.1398  3.0670  2.9994  2.9435  2.9384  2.8733  2.8650  2.8451
 136  0.832898  3.8924  4.2192  0.6624  3.3378  3.2518  3.1766  3.0745  3.1172  3.0449  2.9777  2.9225  2.9171  2.8526  2.8444  2.8247
 137  0.834202  3.8928  4.2126  0.6713  3.3139  3.2283  3.1534  3.0518  3.0944  3.0225  2.9557  2.9012  2.8956  2.8316  2.8234  2.8039
 138  0.835497  3.8932  4.2056  0.6804  3.2899  3.2046  3.1299  3.0288  3.0712  2.9998  2.9333  2.8794  2.8736  2.8100  2.8019  2.7826
 139  0.836783  3.8935  4.1984  0.6895  3.2657  3.1807  3.1063  3.0056  3.0478  2.9768  2.9106  2.8573  2.8512  2.7881  2.7800  2.7608
 140  0.838059  3.8937  4.1907  0.6987  3.2413  3.1567  3.0824  2.9821  3.0242  2.9534  2.8875  2.8347  2.8284  2.7657  2.7577  2.7385
 141  0.839323  3.8939  4.1826  0.7081  3.2168  3.1324  3.0583  2.9583  3.0003  2.9298  2.8641  2.8116  2.8052  2.7429  2.7348  2.7157
 142  0.840575  3.8939  4.1741  0.7175  3.1922  3.1079  3.0340  2.9343  2.9761  2.9058  2.8403  2.7880  2.7815  2.7195  2.7114  2.6922
 143  0.841814  3.8939  4.1652  0.7271  3.1675  3.0834  3.0095  2.9099  2.9517  2.8816  2.8162  2.7640  2.7574  2.6956  2.6875  2.6682
 144  0.843037  3.8938  4.1557  0.7367  3.1427  3.0586  2.9848  2.8853  2.9271  2.8570  2.7916  2.7394  2.7328  2.6712  2.6630  2.6436
 145  0.844245  3.8936  4.1457  0.7464  3.1179  3.0338  2.9599  2.8605  2.9022  2.8321  2.7667  2.7143  2.7077  2.6462  2.6379  2.6183
 146  0.845435  3.8933  4.1352  0.7562  3.0930  3.0089  2.9350  2.8354  2.8772  2.8069  2.7414  2.6886  2.6821  2.6207  2.6123  2.5923
 147  0.846605  3.8928  4.1240  0.7661  3.0682  2.9839  2.9099  2.8101  2.8519  2.7814  2.7157  2.6624  2.6560  2.5945  2.5859  2.5656
 148  0.847755  3.8922  4.1122  0.7761  3.0435  2.9589  2.8847  2.7846  2.8265  2.7556  2.6896  2.6356  2.6294  2.5677  2.5590  2.5382
 149  0.848882  3.8914  4.0997  0.7861  3.0189  2.9340  2.8595  2.7588  2.8010  2.7296  2.6632  2.6083  2.6023  2.5403  2.5314  2.5101
 150  0.849986  3.8905  4.0864  0.7962  2.9945  2.9091  2.8342  2.7330  2.7754  2.7033  2.6364  2.5804  2.5747  2.5123  2.5031  2.4811
 151  0.851062  3.8894  4.0724  0.8064  2.9705  2.8844  2.8091  2.7070  2.7497  2.6768  2.6093  2.5519  2.5466  2.4835  2.4740  2.4513
 152  0.852108  3.8880  4.0574  0.8165  2.9468  2.8600  2.7840  2.6810  2.7240  2.6501  2.5817  2.5228  2.5179  2.4540  2.4442  2.4206
 153  0.853123  3.8865  4.0415  0.8267  2.9236  2.8359  2.7592  2.6549  2.6983  2.6233  2.5539  2.4929  2.4886  2.4238  2.4136  2.3889
 154  0.854104  3.8847  4.0246  0.8369  2.9010  2.8122  2.7347  2.6289  2.6728  2.5963  2.5258  2.4623  2.4587  2.3928  2.3821  2.3562
 155  0.855050  3.8826  4.0066  0.8471  2.8792  2.7891  2.7106  2.6030  2.6475  2.5693  2.4974  2.4309  2.4282  2.3610  2.3499  2.3226
 156  0.855961  3.8802  3.9875  0.8572  2.8582  2.7666  2.6870  2.5773  2.6226  2.5424  2.4688  2.3986  2.3973  2.3286  2.3168  2.2879
 157  0.856833  3.8775  3.9671  0.8672  2.8382  2.7449  2.6642  2.5520  2.5981  2.5156  2.4402  2.3655  2.3660  2.2956  2.2831  2.2523
 158  0.857666  3.8745  3.9454  0.8772  2.8193  2.7242  2.6422  2.5270  2.5742  2.4891  2.4116  2.3318  2.3344  2.2620  2.2487  2.2157
 159  0.858459  3.8711  3.9223  0.8871  2.8019  2.7045  2.6210  2.5026  2.5509  2.4628  2.3831  2.2978  2.3025  2.2277  2.2136  2.1782
 160  0.859214  3.8673  3.8979  0.8968  2.7861  2.6860  2.6007  2.4786  2.5282  2.4368  2.3544  2.2640  2.2703  2.1928  2.1777  2.1399
 161  0.859931  3.8632  3.8724  0.9064  2.7720  2.6688  2.5810  2.4552  2.5060  2.4111  2.3258  2.2305  2.2379  2.1573  2.1413  2.1009
 162  0.860410  3.8602  3.8539  0.9130  2.7632  2.6574  2.5679  2.4391  2.4910  2.3933  2.3060  2.2070  2.2151  2.1322  2.1155  2.0732
 163  0.860880  3.8570  3.8344  0.9196  2.7550  2.6466  2.5551  2.4232  2.4762  2.3756  2.2859  2.1829  2.1921  2.1066  2.0891  2.0447
 164  0.861342  3.8535  3.8141  0.9263  2.7474  2.6362  2.5428  2.4074  2.4617  2.3579  2.2658  2.1582  2.1689  2.0807  2.0624  2.0156
 165  0.861795  3.8498  3.7929  0.9331  2.7405  2.6263  2.5307  2.3917  2.4473  2.3402  2.2456  2.1330  2.1453  2.0543  2.0350  1.9858
 166  0.862240  3.8461  3.7713  0.9399  2.7340  2.6167  2.5190  2.3761  2.4331  2.3226  2.2254  2.1077  2.1217  2.0278  2.0076  1.9558
 167  0.862678  3.8421  3.7489  0.9467  2.7282  2.6076  2.5076  2.3607  2.4191  2.3051  2.2051  2.0821  2.0979  2.0009  1.9796  1.9252
 168  0.863108  3.8379  3.7257  0.9535  2.7233  2.5991  2.4967  2.3454  2.4054  2.2876  2.1847  2.0564  2.0740  1.9736  1.9513  1.8940
 169  0.863531  3.8336  3.7018  0.9603  2.7194  2.5912  2.4861  2.3303  2.3920  2.2702  2.1643  2.0308  2.0503  1.9461  1.9227  1.8624
 170  0.863949  3.8291  3.6772  0.9670  2.7165  2.5842  2.4762  2.3157  2.3790  2.2531  2.1441  2.0051  2.0266  1.9184  1.8938  1.8303
 171  0.864364  3.8244  3.6520  0.9737  2.7147  2.5778  2.4669  2.3013  2.3665  2.2362  2.1241  1.9795  2.0030  1.8907  1.8649  1.7981
 172  0.864779  3.8196  3.6263  0.9803  2.7143  2.5724  2.4583  2.2874  2.3545  2.2198  2.1044  1.9541  1.9795  1.8631  1.8361  1.7659
 173  0.865196  3.8145  3.5998  0.9867  2.7158  2.5686  2.4509  2.2744  2.3436  2.2042  2.0853  1.9294  1.9566  1.8357  1.8073  1.7335
 174  0.865620  3.8091  3.5726  0.9927  2.7202  2.5669  2.4451  2.2625  2.3340  2.1894  2.0667  1.9047  1.9341  1.8084  1.7786  1.7009
 175  0.866054  3.8034  3.5444  0.9979  2.7287  2.5686  2.4423  2.2531  2.3270  2.1769  2.0503  1.8822  1.9138  1.7827  1.7513  1.6694
 176  0.866508  3.7972  3.5158  1.0023  2.7414  2.5737  2.4423  2.2463  2.3228  2.1670  2.0363  1.8624  1.8959  1.7589  1.7258  1.6395
 177  0.866979  3.7907  3.4876  1.0045  2.7625  2.5864  2.4499  2.2462  2.3255  2.1636  2.0286  1.8481  1.8840  1.7406  1.7057  1.6146
 178  0.867463  3.7840  3.4608  1.0049  2.7899  2.6056  2.4647  2.2525  2.3348  2.1667  2.0274  1.8395  1.8784  1.7284  1.6916  1.5952
 179  0.867957  3.7775  3.4361  1.0040  2.8238  2.6286  2.4803  2.2598  2.3453  2.1704  2.0263  1.8324  1.8732  1.7167  1.6781  1.5770
 180  0.868463  3.7715  3.4126  1.0036  2.8573  2.6491  2.4913  2.2634  2.3520  2.1704  2.0216  1.8225  1.8642  1.7023  1.6621  1.5570
 181  0.868946  3.7665  3.3901  1.0064  2.8768  2.6591  2.4950  2.2609  2.3519  2.1653  2.0130  1.8098  1.8526  1.6859  1.6442  1.5354
 182  0.869308  3.7633  3.3731  1.0107  2.8832  2.6595  2.4916  2.2535  2.3461  2.1563  2.0019  1.7960  1.8396  1.6697  1.6271  1.5158
 183  0.869667  3.7605  3.3556  1.0172  2.8821  2.6530  2.4817  2.2401  2.3341  2.1415  1.9852  1.7772  1.8214  1.6486  1.6052  1.4918
 184  0.870018  3.7582  3.3372  1.0264  2.8722  2.6385  2.4642  2.2198  2.3149  2.1200  1.9621  1.7522  1.7970  1.6217  1.5777  1.4625
 185  0.870359  3.7561  3.3183  1.0372  2.8566  2.6188  2.4419  2.1950  2.2911  2.0941  1.9349  1.7235  1.7686  1.5913  1.5466  1.4299
 186  0.870690  3.7543  3.2992  1.0491  2.8372  2.5958  2.4166  2.1674  2.2644  2.0656  1.9051  1.6923  1.7379  1.5587  1.5135  1.3953
 187  0.871012  3.7527  3.2798  1.0625  2.8126  2.5682  2.3870  2.1360  2.2337  2.0334  1.8719  1.6579  1.7038  1.5230  1.4774  1.3580
 188  0.871329  3.7513  3.2604  1.0762  2.7866  2.5392  2.3563  2.1035  2.2020  2.0002  1.8377  1.6226  1.6688  1.4865  1.4404  1.3199
 189  0.871640  3.7500  3.2409  1.0908  2.7576  2.5077  2.3231  2.0689  2.1679  1.9648  1.8015  1.5855  1.6319  1.4483  1.4019  1.2803
 190  0.871946  3.7488  3.2212  1.1059  2.7268  2.4745  2.2885  2.0329  2.1324  1.9282  1.7642  1.5472  1.5939  1.4091  1.3623  1.2398
 191  0.872248  3.7477  3.2015  1.1212  2.6948  2.4403  2.2529  1.9960  2.0960  1.8908  1.7260  1.5082  1.5551  1.3692  1.3220  1.1986
 192  0.872546  3.7467  3.1817  1.1371  2.6612  2.4046  2.2159  1.9579  2.0584  1.8521  1.6867  1.4683  1.5153  1.3283  1.2809  1.1566
 193  0.872841  3.7457  3.1618  1.1532  2.6266  2.3680  2.1781  1.9189  2.0199  1.8127  1.6467  1.4276  1.4747  1.2868  1.2390  1.1140
 194  0.873133  3.7447  3.1417  1.1696  2.5912  2.3308  2.1395  1.8794  1.9808  1.7727  1.6060  1.3863  1.4336  1.2447  1.1966  1.0708
 195  0.873421  3.7438  3.1216  1.1863  2.5549  2.2925  2.1001  1.8390  1.9408  1.7319  1.5646  1.3443  1.3918  1.2019  1.1536  1.0270
 196  0.873706  3.7430  3.1012  1.2033  2.5175  2.2534  2.0598  1.7977  1.8999  1.6902  1.5224  1.3015  1.3490  1.1583  1.1097  0.9824
 197  0.873983  3.7421  3.0804  1.2208  2.4789  2.2131  2.0184  1.7553  1.8579  1.6473  1.4790  1.2575  1.3052  1.1136  1.0647  0.9367
 198  0.874254  3.7413  3.0592  1.2388  2.4391  2.1715  1.9757  1.7116  1.8147  1.6032  1.4343  1.2123  1.2601  1.0676  1.0184  0.8898
 199  0.874518  3.7404  3.0375  1.2573  2.3982  2.1288  1.9319  1.6669  1.7703  1.5580  1.3885  1.1659  1.2138  1.0206  0.9711  0.8417
 200  0.874776  3.7396  3.0154  1.2761  2.3566  2.0853  1.8872  1.6211  1.7250  1.5118  1.3417  1.1184  1.1665  0.9723  0.9226  0.7926
 201  0.875028  3.7387  2.9930  1.2953  2.3142  2.0410  1.8418  1.5745  1.6788  1.4647  1.2940  1.0700  1.1183  0.9232  0.8732  0.7425
 202  0.875274  3.7378  2.9700  1.3148  2.2715  1.9962  1.7958  1.5272  1.6320  1.4168  1.2455  1.0207  1.0692  0.8731  0.8228  0.6913
 203  0.875513  3.7369  2.9467  1.3347  2.2280  1.9506  1.7490  1.4791  1.5844  1.3681  1.1961  0.9705  1.0192  0.8221  0.7715  0.6393
 204  0.875747  3.7360  2.9231  1.3548  2.1839  1.9044  1.7015  1.4304  1.5361  1.3188  1.1461  0.9198  0.9686  0.7706  0.7197  0.5867
 205  0.875975  3.7351  2.8990  1.3752  2.1392  1.8576  1.6534  1.3809  1.4872  1.2688  1.0954  0.8682  0.9173  0.7182  0.6670  0.5333
 206  0.876197  3.7342  2.8747  1.3960  2.0939  1.8100  1.6046  1.3307  1.4375  1.2181  1.0439  0.8160  0.8653  0.6652  0.6137  0.4792
 207  0.876413  3.7333  2.8501  1.4169  2.0479  1.7618  1.5551  1.2800  1.3873  1.1668  0.9919  0.7633  0.8127  0.6116  0.5598  0.4245
 208  0.876623  3.7323  2.8252  1.4382  2.0013  1.7131  1.5051  1.2286  1.3365  1.1149  0.9394  0.7101  0.7596  0.5574  0.5053  0.3692
 209  0.876827  3.7314  2.8001  1.4597  1.9542  1.6637  1.4544  1.1767  1.2850  1.0624  0.8862  0.6563  0.7059  0.5027  0.4503  0.3134
 210  0.877025  3.7304  2.7746  1.4814  1.9066  1.6139  1.4033  1.1243  1.2331  1.0095  0.8326  0.6020  0.6517  0.4475  0.3947  0.2571
 211  0.877217  3.7294  2.7488  1.5033  1.8587  1.5637  1.3518  1.0714  1.1808  0.9560  0.7785  0.5473  0.5970  0.3917  0.3387  0.2001
 212  0.877403  3.7284  2.7228  1.5254  1.8105  1.5130  1.2998  1.0181  1.1280  0.9022  0.7240  0.4921  0.5419  0.3355  0.2821  0.1428
 213  0.877583  3.7274  2.6965  1.5478  1.7618  1.4619  1.2473  0.9644  1.0747  0.8479  0.6689  0.4364  0.4863  0.2788  0.2251  0.0849
 214  0.877757  3.7264  2.6700  1.5703  1.7128  1.4105  1.1945  0.9102  1.0211  0.7931  0.6135  0.3804  0.4303  0.2216  0.1676  0.0265
 215  0.877926  3.7254  2.6433  1.5930  1.6635  1.3588  1.1413  0.8557  0.9671  0.7380  0.5577  0.3239  0.3739  0.1641  0.1097 -0.0323
 216  0.878089  3.7243  2.6163  1.6158  1.6141  1.3067  1.0878  0.8009  0.9128  0.6826  0.5015  0.2670  0.3170  0.1061  0.0514 -0.0915
 217  0.878116  3.7241  2.6117  1.6197  1.6058  1.2980  1.0788  0.7916  0.9037  0.6732  0.4921  0.2575  0.3075  0.0964  0.0416 -0.1015
 218  0.878142  3.7240  2.6072  1.6236  1.5973  1.2891  1.0697  0.7823  0.8944  0.6638  0.4825  0.2478  0.2978  0.0865  0.0316 -0.1115
 219  0.878169  3.7238  2.6026  1.6275  1.5889  1.2803  1.0606  0.7729  0.8852  0.6544  0.4729  0.2381  0.2881  0.0766  0.0217 -0.1216
 220  0.878196  3.7236  2.5980  1.6314  1.5805  1.2714  1.0515  0.7636  0.8760  0.6449  0.4634  0.2285  0.2785  0.0668  0.0118 -0.1317
 221  0.878222  3.7234  2.5934  1.6353  1.5720  1.2625  1.0423  0.7542  0.8666  0.6354  0.4537  0.2187  0.2687  0.0569  0.0018 -0.1418
 222  0.878249  3.7232  2.5887  1.6392  1.5635  1.2536  1.0331  0.7448  0.8573  0.6259  0.4441  0.2089  0.2590  0.0469 -0.0082 -0.1520
 223  0.878275  3.7231  2.5841  1.6432  1.5550  1.2446  1.0239  0.7353  0.8480  0.6164  0.4344  0.1991  0.2492  0.0369 -0.0182 -0.1622
 224  0.878301  3.7229  2.5794  1.6471  1.5465  1.2356  1.0146  0.7258  0.8386  0.6067  0.4247  0.1893  0.2393  0.0269 -0.0284 -0.1725
 225  0.878328  3.7227  2.5747  1.6511  1.5380  1.2267  1.0054  0.7164  0.8292  0.5972  0.4150  0.1795  0.2295  0.0169 -0.0384 -0.1827
 226  0.878354  3.7225  2.5699  1.6551  1.5294  1.2176  0.9960  0.7068  0.8197  0.5875  0.4051  0.1695  0.2196  0.0067 -0.0487 -0.1931
 227  0.878600  3.7207  2.5234  1.6944  1.4454  1.1289  0.9045  0.6129  0.7268  0.4925  0.3088  0.0720  0.1221 -0.0928 -0.1488 -0.2949
 228  0.878832  3.7187  2.4761  1.7340  1.3617  1.0401  0.8127  0.5183  0.6334  0.3967  0.2115 -0.0266  0.0237 -0.1934 -0.2501 -0.3979
 229  0.879047  3.7167  2.4285  1.7736  1.2796  0.9524  0.7218  0.4245  0.5408  0.3015  0.1147 -0.1248 -0.0744 -0.2938 -0.3512 -0.5008
 230  0.879236  3.7147  2.3835  1.8108  1.2032  0.8705  0.6367  0.3364  0.4539  0.2122  0.0237 -0.2170 -0.1667 -0.3884 -0.4464 -0.5977
 231  0.879421  3.7126  2.3364  1.8496  1.1240  0.7852  0.5481  0.2447  0.3634  0.1190 -0.0711 -0.3132 -0.2629 -0.4870 -0.5458 -0.6989
 232  0.879593  3.7105  2.2890  1.8886  1.0448  0.7000  0.4596  0.1529  0.2730  0.0258 -0.1660 -0.4094 -0.3591 -0.5858 -0.6453 -0.8002
 233  0.879746  3.7084  2.2439  1.9256  0.9702  0.6197  0.3763  0.0664  0.1877 -0.0620 -0.2554 -0.5001 -0.4498 -0.6791 -0.7394 -0.8961
 234  0.879889  3.7063  2.1986  1.9626  0.8949  0.5396  0.2942 -0.0192  0.1033 -0.1489 -0.3439 -0.5902 -0.5393 -0.7716 -0.8327 -0.9915
 235  0.880024  3.7042  2.1532  1.9996  0.8194  0.4599  0.2128 -0.1042  0.0196 -0.2352 -0.4316 -0.6796 -0.6280 -0.8635 -0.9255 -1.0866
 236  0.880149  3.7021  2.1079  2.0364  0.7450  0.3811  0.1325 -0.1882 -0.0631 -0.3205 -0.5184 -0.7681 -0.7158 -0.9545 -1.0174 -1.1808
 237  0.880265  3.7000  2.0632  2.0727  0.6724  0.3038  0.0531 -0.2710 -0.1447 -0.4047 -0.6041 -0.8555 -0.8026 -1.0444 -1.1082 -1.2739
 238  0.880370  3.6979  2.0199  2.1076  0.6048  0.2301 -0.0239 -0.3512 -0.2236 -0.4864 -0.6876 -0.9406 -0.8874 -1.1318 -1.1964 -1.3641
 239  0.880471  3.6957  1.9761  2.1427  0.5400  0.1572 -0.1015 -0.4320 -0.3031 -0.5691 -0.7723 -1.0271 -0.9738 -1.2204 -1.2859 -1.4556
 240  0.880564  3.6935  1.9330  2.1770  0.4785  0.0872 -0.1767 -0.5105 -0.3802 -0.6496 -0.8549 -1.1116 -1.0583 -1.3070 -1.3733 -1.5450
 241  0.880650  3.6913  1.8917  2.2097  0.4203  0.0207 -0.2479 -0.5851 -0.4534 -0.7261 -0.9334 -1.1921 -1.1386 -1.3895 -1.4567 -1.6302
 242  0.880731  3.6894  1.8538  2.2398  0.3668 -0.0401 -0.3125 -0.6531 -0.5200 -0.7957 -1.0049 -1.2652 -1.2117 -1.4647 -1.5326 -1.7081
 243  0.880806  3.6877  1.8222  2.2649  0.3217 -0.0908 -0.3660 -0.7095 -0.5753 -0.8535 -1.0642 -1.3255 -1.2721 -1.5272 -1.5958 -1.7728
 244  0.880881  3.6870  1.8056  2.2785  0.2958 -0.1193 -0.3958 -0.7407 -0.6060 -0.8853 -1.0967 -1.3585 -1.3052 -1.5613 -1.6301 -1.8079
 245  0.880955  3.6868  1.7994  2.2840  0.2842 -0.1316 -0.4085 -0.7538 -0.6189 -0.8985 -1.1100 -1.3720 -1.3187 -1.5750 -1.6440 -1.8219
 246  0.881030  3.6853  1.7691  2.3086  0.2387 -0.1821 -0.4614 -0.8094 -0.6735 -0.9553 -1.1682 -1.4310 -1.3780 -1.6361 -1.7056 -1.8849
 247  0.881103  3.6825  1.7180  2.3485  0.1705 -0.2602 -0.5442 -0.8976 -0.7596 -1.0458 -1.2613 -1.5253 -1.4731 -1.7348 -1.8055 -1.9876
 248  0.881168  3.6801  1.6717  2.3850  0.1080 -0.3317 -0.6199 -0.9782 -0.8384 -1.1286 -1.3464 -1.6115 -1.5601 -1.8251 -1.8968 -2.0813
 249  0.881229  3.6776  1.6260  2.4209  0.0476 -0.4012 -0.6937 -1.0570 -0.9153 -1.2096 -1.4298 -1.6961 -1.6455 -1.9136 -1.9864 -2.1734
 250  0.881286  3.6752  1.5814  2.4560 -0.0106 -0.4685 -0.7651 -1.1334 -0.9898 -1.2883 -1.5109 -1.7784 -1.7286 -1.9998 -2.0736 -2.2631
 251  0.881338  3.6729  1.5374  2.4906 -0.0674 -0.5344 -0.8351 -1.2085 -1.0631 -1.3657 -1.5906 -1.8594 -1.8105 -2.0848 -2.1596 -2.3516
 252  0.881387  3.6705  1.4942  2.5244 -0.1221 -0.5982 -0.9029 -1.2814 -1.1340 -1.4408 -1.6682 -1.9381 -1.8901 -2.1674 -2.2433 -2.4379
 253  0.881431  3.6682  1.4523  2.5570 -0.1737 -0.6586 -0.9673 -1.3509 -1.2016 -1.5126 -1.7423 -2.0133 -1.9662 -2.2467 -2.3237 -2.5207
 254  0.881472  3.6659  1.4112  2.5890 -0.2232 -0.7172 -1.0298 -1.4185 -1.2673 -1.5825 -1.8145 -2.0867 -2.0405 -2.3242 -2.4022 -2.6018
 255  0.881511  3.6636  1.3701  2.6207 -0.2716 -0.7747 -1.0913 -1.4852 -1.3322 -1.6516 -1.8861 -2.1593 -2.1141 -2.4010 -2.4801 -2.6822
 256  0.881547  3.6613  1.3295  2.6521 -0.3183 -0.8308 -1.1514 -1.5506 -1.3955 -1.7194 -1.9563 -2.2305 -2.1864 -2.4765 -2.5567 -2.7615
 257  0.881580  3.6590  1.2907  2.6820 -0.3620 -0.8835 -1.2080 -1.6124 -1.4554 -1.7836 -2.0229 -2.2982 -2.2551 -2.5484 -2.6297 -2.8369
 258  0.881612  3.6568  1.2514  2.7123 -0.4053 -0.9361 -1.2646 -1.6744 -1.5154 -1.8481 -2.0899 -2.3663 -2.3242 -2.6208 -2.7032 -2.9130
 259  0.881640  3.6546  1.2137  2.7412 -0.4460 -0.9858 -1.3181 -1.7332 -1.5722 -1.9094 -2.1535 -2.4311 -2.3900 -2.6898 -2.7733 -2.9857
 260  0.881668  3.6524  1.1762  2.7699 -0.4854 -1.0343 -1.3704 -1.7909 -1.6279 -1.9696 -2.2162 -2.4950 -2.4549 -2.7579 -2.8426 -3.0576
 261  0.881693  3.6502  1.1392  2.7982 -0.5234 -1.0814 -1.4212 -1.8472 -1.6822 -2.0285 -2.2775 -2.5576 -2.5185 -2.8248 -2.9106 -3.1283
 262  0.881717  3.6480  1.1031  2.8257 -0.5595 -1.1264 -1.4699 -1.9015 -1.7343 -2.0853 -2.3367 -2.6180 -2.5800 -2.8896 -2.9766 -3.1969
 263  0.881740  3.6459  1.0675  2.8527 -0.5941 -1.1701 -1.5172 -1.9543 -1.7851 -2.1407 -2.3946 -2.6772 -2.6402 -2.9531 -3.0412 -3.2642
 264  0.881761  3.6438  1.0323  2.8794 -0.6275 -1.2124 -1.5631 -2.0060 -1.8346 -2.1950 -2.4514 -2.7353 -2.6993 -3.0156 -3.1049 -3.3305
 265  0.881781  3.6416  0.9978  2.9054 -0.6586 -1.2525 -1.6070 -2.0555 -1.8820 -2.2473 -2.5061 -2.7913 -2.7563 -3.0761 -3.1665 -3.3949
 266  0.881800  3.6395  0.9639  2.9308 -0.6874 -1.2904 -1.6485 -2.1030 -1.9272 -2.2975 -2.5588 -2.8454 -2.8113 -3.1347 -3.2264 -3.4574
 267  0.881818  3.6373  0.9296  2.9563 -0.7151 -1.3276 -1.6895 -2.1501 -1.9719 -2.3474 -2.6114 -2.8995 -2.8663 -3.1935 -3.2864 -3.5203
 268  0.881834  3.6352  0.8967  2.9808 -0.7408 -1.3625 -1.7280 -2.1948 -2.0143 -2.3949 -2.6614 -2.9511 -2.9188 -3.2497 -3.3437 -3.5804
 269  0.881850  3.6331  0.8640  3.0050 -0.7654 -1.3962 -1.7654 -2.2384 -2.0555 -2.4414 -2.7105 -3.0017 -2.9703 -3.3049 -3.4002 -3.6397
 270  0.881865  3.6310  0.8320  3.0287 -0.7886 -1.4285 -1.8013 -2.2806 -2.0953 -2.4865 -2.7581 -3.0509 -3.0203 -3.3588 -3.4553 -3.6975
 271  0.881879  3.6290  0.8007  3.0519 -0.8108 -1.4596 -1.8359 -2.3214 -2.1337 -2.5301 -2.8044 -3.0988 -3.0690 -3.4112 -3.5089 -3.7539
 272  0.881893  3.6269  0.7693  3.0750 -0.8320 -1.4898 -1.8696 -2.3615 -2.1714 -2.5732 -2.8500 -3.1462 -3.1172 -3.4632 -3.5622 -3.8100
 273  0.881906  3.6249  0.7387  3.0976 -0.8521 -1.5188 -1.9019 -2.4003 -2.2078 -2.6150 -2.8944 -3.1922 -3.1640 -3.5139 -3.6141 -3.8647
 274  0.881918  3.6229  0.7090  3.1196 -0.8712 -1.5465 -1.9327 -2.4377 -2.2427 -2.6553 -2.9371 -3.2367 -3.2091 -3.5629 -3.6643 -3.9176
 275  0.881929  3.6210  0.6795  3.1413 -0.8896 -1.5735 -1.9626 -2.4743 -2.2769 -2.6949 -2.9792 -3.2806 -3.2535 -3.6114 -3.7140 -3.9700
 276  0.881941  3.6191  0.6508  3.1625 -0.9069 -1.5990 -1.9909 -2.5095 -2.3096 -2.7329 -3.0197 -3.3229 -3.2964 -3.6582 -3.7621 -4.0207
 277  0.881951  3.6173  0.6230  3.1830 -0.9230 -1.6233 -2.0178 -2.5432 -2.3409 -2.7696 -3.0588 -3.3637 -3.3376 -3.7036 -3.8086 -4.0699
 278  0.881961  3.6156  0.5963  3.2028 -0.9382 -1.6463 -2.0432 -2.5754 -2.3708 -2.8046 -3.0962 -3.4028 -3.3772 -3.7471 -3.8533 -4.1172