#EEP   M/Mo    LogTeff  LogG   LogL/Lo F435W   F475W   F502N   F550M   F555W   F606W   F625W   F658N   F660N   F775W   F814W   F850LP  
  10  0.103497  3.5370  5.3075 -2.7534 14.9033 14.0848 14.0805 12.7581 13.1263 12.5451 12.1985 11.6095 11.6637 11.1378 10.9888 10.6541
  11  0.116993  3.5471  5.2628 -2.6147 14.3654 13.5959 13.5516 12.3260 12.6734 12.0970 11.7491 11.2256 11.2853 10.7763 10.6358 10.3131
  12  0.132613  3.5573  5.2176 -2.4743 13.8329 13.1084 13.0282 11.8974 12.2247 11.6539 11.3064 10.8391 10.9033 10.4103 10.2778  9.9669
  13  0.151485  3.5668  5.1740 -2.3351 13.3246 12.6383 12.5265 11.4824 11.7918 11.2300 10.8849 10.4603 10.5278 10.0493  9.9235  9.6229
  14  0.172715  3.5746  5.1358 -2.2086 12.8809 12.2233 12.0867 11.1123 11.4078 10.8573 10.5162 10.1190 10.1887  9.7223  9.6016  9.3093
  15  0.191394  3.5802  5.1066 -2.1127 12.5533 11.9146 11.7609 10.8352 11.1210 10.5809 10.2437  9.8619  9.9330  9.4754  9.3580  9.0714
  16  0.206992  3.5841  5.0841 -2.0402 12.3099 11.6842 11.5180 10.6272 10.9063 10.3748 10.0409  9.6684  9.7405  9.2893  9.1742  8.8917
  17  0.222342  3.5876  5.0639 -1.9753 12.0949 11.4801 11.3033 10.4422 10.7155 10.1920  9.8612  9.4957  9.5685  9.1228  9.0096  8.7306
  18  0.236058  3.5903  5.0480 -1.9224 11.9207 11.3144 11.1293 10.2919 10.5606 10.0438  9.7157  9.3552  9.4286  8.9874  8.8757  8.5995
  19  0.247228  3.5924  5.0359 -1.8818 11.7873 11.1873 10.9960 10.1765 10.4416  9.9303  9.6044  9.2473  9.3211  8.8834  8.7728  8.4987
  20  0.255827  3.5939  5.0265 -1.8515 11.6885 11.0931 10.8974 10.0909 10.3534  9.8460  9.5218  9.1670  9.2411  8.8060  8.6961  8.4235
  21  0.261772  3.5950  5.0221 -1.8330 11.6273 11.0349 10.8364 10.0381 10.2990  9.7943  9.4711  9.1178  9.1921  8.7587  8.6493  8.3777
  22  0.265823  3.5957  5.0218 -1.8233 11.5931 11.0026 10.8025 10.0094 10.2692  9.7662  9.4438  9.0914  9.1658  8.7336  8.6245  8.3536
  23  0.269101  3.5961  5.0190 -1.8133 11.5614 10.9722 10.7709  9.9816 10.2406  9.7389  9.4170  9.0652  9.1397  8.7082  8.5994  8.3290
  24  0.271690  3.5965  5.0145 -1.8030 11.5292 10.9413 10.7386  9.9530 10.2113  9.7107  9.3893  9.0381  9.1127  8.6819  8.5733  8.3032
  25  0.274117  3.5969  5.0099 -1.7930 11.4983 10.9116 10.7076  9.9256 10.1832  9.6837  9.3627  9.0122  9.0868  8.6567  8.5482  8.2786
  26  0.275749  3.5972  5.0096 -1.7888 11.4830 10.8971 10.6924  9.9129 10.1699  9.6713  9.3507  9.0006  9.0752  8.6457  8.5374  8.2681
  27  0.276850  3.5975  5.0143 -1.7908 11.4854 10.9000 10.6952  9.9166 10.1734  9.6753  9.3549  9.0048  9.0795  8.6504  8.5423  8.2732
  28  0.278680  3.5977  5.0098 -1.7824 11.4602 10.8757 10.6699  9.8939 10.1502  9.6528  9.3328  8.9832  9.0579  8.6292  8.5212  8.2524
  29  0.280982  3.5981  5.0052 -1.7726 11.4294 10.8461 10.6390  9.8667 10.1223  9.6261  9.3065  8.9575  9.0323  8.6043  8.4964  8.2280
  30  0.281953  3.5984  5.0092 -1.7742 11.4302 10.8475 10.6402  9.8691 10.1244  9.6287  9.3094  8.9605  9.0354  8.6078  8.5001  8.2320
  31  0.284358  3.5988  5.0060 -1.7658 11.4037 10.8220 10.6136  9.8457 10.1004  9.6057  9.2868  8.9385  9.0134  8.5865  8.4790  8.2112
  32  0.286854  3.5992  5.0035 -1.7577 11.3770 10.7966 10.5870  9.8226 10.0766  9.5831  9.2647  8.9170  8.9919  8.5657  8.4584  8.1911
  33  0.290008  3.5997  5.0023 -1.7499 11.3511 10.7719 10.5613  9.8003 10.0535  9.5613  9.2434  8.8962  8.9712  8.5458  8.4387  8.1718
  34  0.295909  3.6004  4.9986 -1.7343 11.3007 10.7237 10.5111  9.7563 10.0082  9.5182  9.2012  8.8549  8.9300  8.5060  8.3993  8.1332
  35  0.402605  3.6316  4.8648 -1.3420  9.9173  9.4091  9.1450  8.5813  8.7907  8.3821  8.1015  7.7867  7.8605  7.4956  7.4038  7.1707
  36  0.413108  3.6369  4.8516 -1.2964  9.7415  9.2431  8.9743  8.4358  8.6389  8.2434  7.9690  7.6595  7.7320  7.3778  7.2885  7.0612
  37  0.422623  3.6423  4.8402 -1.2538  9.5731  9.0847  8.8119  8.2975  8.4945  8.1121  7.8439  7.5401  7.6110  7.2676  7.1809  6.9594
  38  0.432234  3.6481  4.8297 -1.2100  9.3962  8.9186  8.6427  8.1534  8.3438  7.9755  7.7144  7.4173  7.4862  7.1546  7.0707  6.8558
  39  0.442761  3.6549  4.8192 -1.1620  9.1991  8.7342  8.4559  7.9947  8.1772  7.8250  7.5721  7.2829  7.3493  7.0308  6.9500  6.7426
  40  0.454955  3.6630  4.8083 -1.1069  8.9729  8.5237  8.2441  7.8146  7.9873  7.6534  7.4102  7.1302  7.1936  6.8892  6.8120  6.6131
  41  0.468288  3.6726  4.7985 -1.0461  8.7215  8.2911  8.0142  7.6161  7.7782  7.4637  7.2314  6.9617  7.0217  6.7325  6.6594  6.4703
  42  0.481642  3.6828  4.7905 -0.9850  8.4697  8.0605  7.7884  7.4210  7.5717  7.2767  7.0555  6.7964  6.8526  6.5784  6.5092  6.3299
  43  0.494630  3.6927  4.7829 -0.9266  8.2331  7.8456  7.5826  7.2384  7.3794  7.1011  6.8899  6.6386  6.6930  6.4327  6.3672  6.1973
  44  0.506938  3.7015  4.7750 -0.8727  8.0237  7.6568  7.4047  7.0771  7.2103  6.9446  6.7413  6.4916  6.5481  6.2998  6.2374  6.0752
  45  0.518653  3.7098  4.7675 -0.8222  7.8319  7.4851  7.2437  6.9294  7.0564  6.8015  6.6048  6.3613  6.4160  6.1772  6.1176  5.9625
  46  0.530590  3.7180  4.7595 -0.7714  7.6432  7.3171  7.0879  6.7847  6.9062  6.6612  6.4707  6.2327  6.2862  6.0564  5.9994  5.8511
  47  0.543072  3.7263  4.7505 -0.7190  7.4539  7.1484  6.9316  6.6388  6.7552  6.5197  6.3353  6.1028  6.1549  5.9341  5.8796  5.7380
  48  0.555929  3.7345  4.7399 -0.6657  7.2668  6.9809  6.7760  6.4934  6.6050  6.3787  6.2001  5.9733  6.0240  5.8119  5.7598  5.6246
  49  0.568360  3.7420  4.7286 -0.6146  7.0921  6.8237  6.6295  6.3564  6.4638  6.2458  6.0727  5.8513  5.9004  5.6967  5.6469  5.5175
  50  0.580019  3.7488  4.7172 -0.5672  6.9342  6.6811  6.4967  6.2314  6.3352  6.1243  5.9559  5.7393  5.7871  5.5903  5.5425  5.4182
  51  0.590741  3.7549  4.7061 -0.5239  6.7932  6.5530  6.3774  6.1188  6.2194  6.0147  5.8504  5.6381  5.6848  5.4942  5.4480  5.3282
  52  0.595736  3.7576  4.7008 -0.5039  6.7288  6.4942  6.3225  6.0668  6.1660  5.9642  5.8018  5.5914  5.6375  5.4498  5.4044  5.2866
  53  0.600700  3.7604  4.6955 -0.4840  6.6654  6.4363  6.2682  6.0155  6.1133  5.9143  5.7537  5.5453  5.5909  5.4059  5.3613  5.2455
  54  0.605627  3.7630  4.6900 -0.4643  6.6033  6.3793  6.2146  5.9649  6.0614  5.8650  5.7062  5.4997  5.5447  5.3625  5.3186  5.2047
  55  0.610509  3.7656  4.6845 -0.4449  6.5424  6.3232  6.1618  5.9150  6.0102  5.8164  5.6593  5.4545  5.4990  5.3195  5.2763  5.1644
  56  0.615367  3.7682  4.6789 -0.4256  6.4825  6.2679  6.1095  5.8656  5.9596  5.7682  5.6129  5.4099  5.4538  5.2769  5.2344  5.1244
  57  0.620199  3.7707  4.6732 -0.4064  6.4234  6.2132  6.0576  5.8166  5.9094  5.7206  5.5669  5.3657  5.4090  5.2347  5.1930  5.0847
  58  0.625002  3.7732  4.6675 -0.3874  6.3649  6.1591  6.0063  5.7682  5.8598  5.6734  5.5214  5.3221  5.3650  5.1930  5.1519  5.0455
  59  0.629781  3.7757  4.6619 -0.3686  6.3071  6.1055  5.9554  5.7201  5.8106  5.6267  5.4764  5.2790  5.3213  5.1517  5.1114  5.0067
  60  0.634532  3.7782  4.6563 -0.3498  6.2499  6.0523  5.9050  5.6725  5.7618  5.5804  5.4318  5.2364  5.2782  5.1109  5.0712  4.9683
  61  0.639247  3.7806  4.6507 -0.3313  6.1935  5.9998  5.8548  5.6253  5.7134  5.5345  5.3876  5.1942  5.2353  5.0705  5.0315  4.9304
  62  0.643918  3.7830  4.6452 -0.3129  6.1379  5.9479  5.8053  5.5787  5.6656  5.4891  5.3439  5.1526  5.1930  5.0305  4.9922  4.8929
  63  0.648541  3.7854  4.6398 -0.2948  6.0832  5.8968  5.7564  5.5327  5.6185  5.4443  5.3007  5.1115  5.1511  4.9911  4.9535  4.8559
  64  0.653105  3.7878  4.6345 -0.2769  6.0296  5.8466  5.7084  5.4874  5.5721  5.4002  5.2583  5.0710  5.1100  4.9522  4.9153  4.8194
  65  0.657603  3.7902  4.6293 -0.2593  5.9769  5.7972  5.6613  5.4428  5.5265  5.3569  5.2164  5.0311  5.0695  4.9140  4.8777  4.7836
  66  0.662029  3.7925  4.6243 -0.2420  5.9253  5.7488  5.6150  5.3991  5.4817  5.3143  5.1754  4.9919  5.0297  4.8764  4.8407  4.7483
  67  0.666381  3.7948  4.6193 -0.2250  5.8750  5.7015  5.5696  5.3561  5.4378  5.2724  5.1349  4.9533  4.9905  4.8393  4.8042  4.7133
  68  0.670651  3.7971  4.6144 -0.2083  5.8258  5.6551  5.5250  5.3140  5.3947  5.2314  5.0954  4.9155  4.9522  4.8029  4.7685  4.6792
  69  0.674847  3.7993  4.6095 -0.1919  5.7775  5.6096  5.4813  5.2727  5.3525  5.1912  5.0566  4.8787  4.9148  4.7674  4.7335  4.6458
  70  0.678962  3.8014  4.6045 -0.1758  5.7296  5.5646  5.4384  5.2324  5.3111  5.1521  5.0191  4.8437  4.8788  4.7334  4.7001  4.6139
  71  0.682997  3.8034  4.5994 -0.1600  5.6827  5.5206  5.3963  5.1928  5.2706  5.1137  4.9824  4.8095  4.8436  4.7000  4.6674  4.5827
  72  0.686963  3.8054  4.5943 -0.1445  5.6369  5.4774  5.3549  5.1540  5.2307  5.0760  4.9462  4.7757  4.8089  4.6672  4.6351  4.5519
  73  0.690856  3.8073  4.5890 -0.1292  5.5924  5.4353  5.3145  5.1156  5.1915  5.0387  4.9103  4.7417  4.7742  4.6342  4.6027  4.5209
  74  0.694681  3.8091  4.5837 -0.1142  5.5492  5.3942  5.2747  5.0778  5.1530  5.0018  4.8746  4.7077  4.7395  4.6013  4.5702  4.4898
  75  0.698443  3.8108  4.5782 -0.0995  5.5070  5.3539  5.2357  5.0405  5.1150  4.9654  4.8393  4.6739  4.7052  4.5686  4.5380  4.4589
  76  0.702134  3.8125  4.5726 -0.0850  5.4657  5.3143  5.1974  5.0038  5.0777  4.9296  4.8045  4.6406  4.6713  4.5362  4.5061  4.4282
  77  0.705730  3.8140  4.5669 -0.0708  5.4255  5.2757  5.1599  4.9680  5.0412  4.8945  4.7704  4.6080  4.6383  4.5045  4.4749  4.3981
  78  0.709232  3.8155  4.5611 -0.0569  5.3862  5.2380  5.1232  4.9329  5.0055  4.8602  4.7371  4.5762  4.6061  4.4735  4.4442  4.3685
  79  0.712656  3.8170  4.5553 -0.0433  5.3477  5.2011  5.0872  4.8985  4.9705  4.8265  4.7044  4.5450  4.5744  4.4429  4.4141  4.3394
  80  0.716000  3.8183  4.5495 -0.0299  5.3101  5.1648  5.0519  4.8648  4.9362  4.7934  4.6723  4.5142  4.5433  4.4129  4.3844  4.3108
  81  0.719283  3.8197  4.5436 -0.0167  5.2731  5.1292  5.0172  4.8315  4.9024  4.7609  4.6406  4.4840  4.5126  4.3832  4.3551  4.2825
  82  0.723909  3.8215  4.5352  0.0019  5.2209  5.0789  4.9680  4.7844  4.8546  4.7148  4.5958  4.4411  4.4691  4.3413  4.3137  4.2424
  83  0.728545  3.8233  4.5266  0.0206  5.1684  5.0283  4.9186  4.7371  4.8065  4.6684  4.5507  4.3979  4.4253  4.2990  4.2720  4.2021
  84  0.733207  3.8252  4.5179  0.0394  5.1157  4.9774  4.8688  4.6894  4.7580  4.6217  4.5052  4.3545  4.3812  4.2565  4.2300  4.1614
  85  0.737906  3.8270  4.5090  0.0584  5.0625  4.9260  4.8187  4.6412  4.7091  4.5745  4.4593  4.3106  4.3366  4.2135  4.1875  4.1204
  86  0.742653  3.8289  4.5001  0.0776  5.0088  4.8741  4.7681  4.5925  4.6597  4.5268  4.4129  4.2662  4.2915  4.1701  4.1446  4.0789
  87  0.747456  3.8308  4.4912  0.0969  4.9545  4.8215  4.7169  4.5432  4.6097  4.4786  4.3660  4.2215  4.2460  4.1263  4.1014  4.0370
  88  0.752322  3.8328  4.4823  0.1165  4.8995  4.7683  4.6651  4.4934  4.5591  4.4298  4.3186  4.1763  4.2001  4.0820  4.0577  3.9948
  89  0.757249  3.8348  4.4734  0.1363  4.8440  4.7147  4.6125  4.4431  4.5080  4.3807  4.2708  4.1310  4.1541  4.0375  4.0137  3.9523
  90  0.762211  3.8368  4.4646  0.1562  4.7881  4.6606  4.5596  4.3925  4.4566  4.3312  4.2228  4.0855  4.1078  3.9927  3.9695  3.9096
  91  0.767183  3.8389  4.4558  0.1761  4.7319  4.6063  4.5064  4.3418  4.4051  4.2816  4.1747  4.0400  4.0615  3.9479  3.9253  3.8670
  92  0.772135  3.8410  4.4471  0.1960  4.6757  4.5519  4.4532  4.2910  4.3535  4.2319  4.1265  3.9944  4.0150  3.9033  3.8813  3.8245
  93  0.777043  3.8431  4.4386  0.2158  4.6196  4.4976  4.4002  4.2403  4.3020  4.1824  4.0785  3.9491  3.9687  3.8589  3.8375  3.7823
  94  0.781880  3.8453  4.4302  0.2355  4.5638  4.4436  4.3475  4.1899  4.2507  4.1332  4.0308  3.9041  3.9228  3.8149  3.7940  3.7406
  95  0.786617  3.8475  4.4219  0.2550  4.5084  4.3901  4.2951  4.1398  4.1999  4.0844  3.9836  3.8596  3.8773  3.7713  3.7511  3.6992
  96  0.791234  3.8496  4.4138  0.2743  4.4537  4.3371  4.2434  4.0904  4.1496  4.0362  3.9369  3.8158  3.8325  3.7282  3.7087  3.6584
  97  0.795709  3.8518  4.4059  0.2933  4.3997  4.2848  4.1924  4.0416  4.1001  3.9887  3.8909  3.7727  3.7884  3.6859  3.6669  3.6183
  98  0.800020  3.8539  4.3980  0.3119  4.3467  4.2335  4.1423  3.9937  4.0514  3.9419  3.8457  3.7303  3.7450  3.6443  3.6259  3.5788
  99  0.804193  3.8560  4.3902  0.3303  4.2946  4.1830  4.0929  3.9465  4.0034  3.8959  3.8012  3.6887  3.7024  3.6034  3.5856  3.5400
 100  0.808257  3.8580  4.3826  0.3484  4.2430  4.1330  4.0441  3.8999  3.9560  3.8504  3.7572  3.6475  3.6603  3.5630  3.5457  3.5016
 101  0.812205  3.8601  4.3750  0.3663  4.1923  4.0838  3.9960  3.8539  3.9093  3.8056  3.7138  3.6067  3.6187  3.5230  3.5063  3.4636
 102  0.816040  3.8621  4.3677  0.3839  4.1422  4.0353  3.9485  3.8087  3.8633  3.7615  3.6711  3.5667  3.5779  3.4839  3.4677  3.4264
 103  0.819761  3.8642  4.3605  0.4013  4.0929  3.9876  3.9019  3.7641  3.8181  3.7181  3.6291  3.5275  3.5378  3.4455  3.4298  3.3899
 104  0.823371  3.8662  4.3534  0.4183  4.0444  3.9406  3.8559  3.7204  3.7736  3.6755  3.5880  3.4891  3.4987  3.4079  3.3927  3.3542
 105  0.826875  3.8682  4.3466  0.4351  3.9966  3.8943  3.8107  3.6774  3.7298  3.6336  3.5476  3.4517  3.4604  3.3711  3.3565  3.3194
 106  0.830279  3.8702  4.3400  0.4515  3.9494  3.8487  3.7662  3.6352  3.6869  3.5927  3.5083  3.4157  3.4233  3.3356  3.3215  3.2858
 107  0.833586  3.8722  4.3335  0.4677  3.9029  3.8038  3.7223  3.5939  3.6447  3.5526  3.4699  3.3810  3.3875  3.3010  3.2875  3.2533
 108  0.836801  3.8742  4.3271  0.4836  3.8571  3.7596  3.6792  3.5532  3.6033  3.5133  3.4321  3.3470  3.3523  3.2672  3.2542  3.2215
 109  0.839925  3.8761  4.3208  0.4992  3.8122  3.7163  3.6369  3.5133  3.5625  3.4746  3.3951  3.3135  3.3177  3.2340  3.2215  3.1901
 110  0.842953  3.8780  4.3145  0.5145  3.7681  3.6737  3.5953  3.4740  3.5225  3.4365  3.3585  3.2805  3.2836  3.2012  3.1892  3.1592
 111  0.845874  3.8798  4.3081  0.5296  3.7250  3.6320  3.5546  3.4354  3.4832  3.3990  3.3226  3.2478  3.2498  3.1688  3.1573  3.1285
 112  0.847039  3.8806  4.3057  0.5358  3.7073  3.6149  3.5379  3.4197  3.4671  3.3838  3.3079  3.2345  3.2361  3.1557  3.1444  3.1161
 113  0.848201  3.8814  4.3034  0.5420  3.6895  3.5976  3.5211  3.4037  3.4509  3.3683  3.2930  3.2208  3.2219  3.1423  3.1312  3.1035
 114  0.849362  3.8822  4.3010  0.5483  3.6716  3.5803  3.5041  3.3875  3.4344  3.3525  3.2779  3.2068  3.2076  3.1287  3.1178  3.0906
 115  0.850518  3.8830  4.2986  0.5546  3.6535  3.5628  3.4870  3.3713  3.4179  3.3367  3.2626  3.1926  3.1930  3.1150  3.1042  3.0776
 116  0.851669  3.8839  4.2962  0.5610  3.6353  3.5451  3.4698  3.3548  3.4012  3.3207  3.2472  3.1782  3.1783  3.1010  3.0905  3.0644
 117  0.852813  3.8847  4.2936  0.5674  3.6170  3.5273  3.4524  3.3382  3.3843  3.3045  3.2315  3.1636  3.1633  3.0869  3.0765  3.0509
 118  0.853950  3.8855  4.2908  0.5740  3.5985  3.5093  3.4348  3.3213  3.3672  3.2881  3.2157  3.1488  3.1481  3.0725  3.0623  3.0372
 119  0.855080  3.8863  4.2880  0.5806  3.5798  3.4912  3.4170  3.3043  3.3499  3.2715  3.1996  3.1337  3.1327  3.0578  3.0478  3.0232
 120  0.856204  3.8871  4.2849  0.5873  3.5610  3.4729  3.3991  3.2872  3.3325  3.2547  3.1834  3.1184  3.1171  3.0430  3.0331  3.0090
 121  0.857321  3.8878  4.2817  0.5940  3.5420  3.4545  3.3811  3.2698  3.3148  3.2377  3.1669  3.1028  3.1012  3.0279  3.0182  2.9945
 122  0.858431  3.8886  4.2784  0.6009  3.5229  3.4359  3.3628  3.2523  3.2971  3.2206  3.1503  3.0871  3.0852  3.0126  3.0031  2.9798
 123  0.859535  3.8893  4.2749  0.6078  3.5037  3.4171  3.3444  3.2346  3.2791  3.2033  3.1335  3.0712  3.0690  2.9972  2.9878  2.9649
 124  0.860633  3.8900  4.2713  0.6147  3.4843  3.3982  3.3259  3.2167  3.2610  3.1858  3.1165  3.0551  3.0525  2.9815  2.9722  2.9498
 125  0.861725  3.8906  4.2675  0.6218  3.4648  3.3792  3.3072  3.1987  3.2428  3.1681  3.0993  3.0388  3.0360  2.9656  2.9565  2.9344
 126  0.862809  3.8913  4.2636  0.6289  3.4451  3.3600  3.2884  3.1805  3.2243  3.1503  3.0820  3.0223  3.0192  2.9496  2.9406  2.9189
 127  0.863888  3.8919  4.2595  0.6361  3.4253  3.3406  3.2694  3.1622  3.2058  3.1323  3.0645  3.0056  3.0022  2.9333  2.9244  2.9031
 128  0.864959  3.8925  4.2552  0.6433  3.4054  3.3211  3.2502  3.1437  3.1870  3.1142  3.0468  2.9888  2.9851  2.9169  2.9081  2.8871
 129  0.866023  3.8931  4.2507  0.6506  3.3852  3.3014  3.2308  3.1250  3.1681  3.0958  3.0290  2.9719  2.9679  2.9003  2.8916  2.8710
 130  0.867079  3.8937  4.2461  0.6580  3.3649  3.2816  3.2113  3.1061  3.1490  3.0773  3.0109  2.9547  2.9504  2.8834  2.8749  2.8545
 131  0.868128  3.8942  4.2413  0.6655  3.3445  3.2616  3.1917  3.0871  3.1298  3.0586  2.9927  2.9373  2.9327  2.8663  2.8579  2.8378
 132  0.869167  3.8947  4.2361  0.6731  3.3240  3.2415  3.1719  3.0679  3.1104  3.0397  2.9742  2.9195  2.9147  2.8489  2.8405  2.8207
 133  0.870195  3.8951  4.2306  0.6807  3.3034  3.2212  3.1519  3.0484  3.0907  3.0205  2.9553  2.9013  2.8963  2.8309  2.8227  2.8030
 134  0.871213  3.8954  4.2247  0.6885  3.2826  3.2008  3.1317  3.0287  3.0708  3.0010  2.9362  2.8828  2.8776  2.8127  2.8045  2.7850
 135  0.872222  3.8957  4.2186  0.6963  3.2618  3.1803  3.1114  3.0088  3.0508  2.9814  2.9168  2.8639  2.8585  2.7941  2.7859  2.7666
 136  0.873221  3.8960  4.2122  0.7041  3.2409  3.1596  3.0909  2.9888  3.0306  2.9615  2.8972  2.8448  2.8392  2.7752  2.7670  2.7478
 137  0.874209  3.8962  4.2055  0.7121  3.2198  3.1389  3.0703  2.9685  3.0102  2.9414  2.8773  2.8252  2.8195  2.7559  2.7477  2.7285
 138  0.875186  3.8963  4.1985  0.7201  3.1987  3.1180  3.0496  2.9480  2.9896  2.9210  2.8572  2.8053  2.7996  2.7362  2.7281  2.7089
 139  0.876150  3.8963  4.1911  0.7282  3.1775  3.0969  3.0287  2.9273  2.9689  2.9004  2.8367  2.7851  2.7792  2.7161  2.7080  2.6888
 140  0.877102  3.8963  4.1833  0.7364  3.1563  3.0758  3.0076  2.9065  2.9479  2.8796  2.8160  2.7644  2.7585  2.6957  2.6875  2.6681
 141  0.878041  3.8962  4.1751  0.7447  3.1350  3.0546  2.9865  2.8854  2.9268  2.8585  2.7950  2.7433  2.7375  2.6748  2.6665  2.6471
 142  0.878965  3.8960  4.1665  0.7530  3.1137  3.0333  2.9652  2.8641  2.9055  2.8372  2.7737  2.7218  2.7160  2.6534  2.6451  2.6254
 143  0.879874  3.8958  4.1575  0.7614  3.0924  3.0120  2.9438  2.8427  2.8841  2.8157  2.7521  2.6999  2.6942  2.6316  2.6232  2.6033
 144  0.880767  3.8954  4.1480  0.7698  3.0712  2.9906  2.9224  2.8210  2.8625  2.7939  2.7301  2.6775  2.6719  2.6093  2.6008  2.5805
 145  0.881644  3.8949  4.1379  0.7783  3.0499  2.9692  2.9009  2.7992  2.8408  2.7719  2.7079  2.6547  2.6492  2.5865  2.5778  2.5572
 146  0.882503  3.8943  4.1273  0.7869  3.0288  2.9478  2.8793  2.7773  2.8189  2.7497  2.6854  2.6314  2.6262  2.5632  2.5544  2.5333
 147  0.883344  3.8935  4.1161  0.7956  3.0078  2.9265  2.8577  2.7552  2.7970  2.7273  2.6626  2.6076  2.6027  2.5394  2.5303  2.5087
 148  0.884165  3.8927  4.1043  0.8042  2.9869  2.9052  2.8361  2.7329  2.7750  2.7047  2.6394  2.5833  2.5787  2.5150  2.5057  2.4834
 149  0.884966  3.8916  4.0917  0.8130  2.9663  2.8841  2.8146  2.7106  2.7529  2.6819  2.6161  2.5585  2.5544  2.4901  2.4805  2.4575
 150  0.885745  3.8904  4.0785  0.8217  2.9460  2.8631  2.7932  2.6882  2.7309  2.6589  2.5924  2.5334  2.5297  2.4647  2.4548  2.4310
 151  0.886503  3.8890  4.0645  0.8305  2.9260  2.8423  2.7719  2.6658  2.7088  2.6358  2.5685  2.5076  2.5046  2.4387  2.4284  2.4036
 152  0.887237  3.8874  4.0497  0.8393  2.9064  2.8218  2.7508  2.6434  2.6868  2.6126  2.5443  2.4813  2.4789  2.4120  2.4014  2.3755
 153  0.887948  3.8856  4.0341  0.8482  2.8873  2.8018  2.7299  2.6210  2.6649  2.5894  2.5199  2.4544  2.4528  2.3847  2.3736  2.3465
 154  0.888634  3.8836  4.0175  0.8570  2.8690  2.7821  2.7095  2.5987  2.6432  2.5660  2.4952  2.4268  2.4261  2.3567  2.3451  2.3167
 155  0.889294  3.8813  3.9999  0.8658  2.8513  2.7631  2.6894  2.5765  2.6218  2.5427  2.4703  2.3986  2.3990  2.3280  2.3159  2.2859
 156  0.889927  3.8788  3.9814  0.8745  2.8346  2.7447  2.6699  2.5546  2.6007  2.5194  2.4453  2.3697  2.3714  2.2987  2.2859  2.2542
 157  0.890534  3.8760  3.9617  0.8832  2.8188  2.7272  2.6511  2.5330  2.5800  2.4963  2.4203  2.3402  2.3434  2.2688  2.2553  2.2216
 158  0.891112  3.8729  3.9409  0.8918  2.8042  2.7105  2.6330  2.5119  2.5599  2.4735  2.3953  2.3104  2.3153  2.2385  2.2241  2.1883
 159  0.891663  3.8694  3.9190  0.9004  2.7906  2.6947  2.6156  2.4912  2.5404  2.4510  2.3705  2.2805  2.2872  2.2078  2.1925  2.1544
 160  0.892186  3.8657  3.8959  0.9088  2.7784  2.6799  2.5990  2.4711  2.5215  2.4289  2.3458  2.2510  2.2593  2.1769  2.1608  2.1201
 161  0.892680  3.8617  3.8716  0.9170  2.7675  2.6662  2.5834  2.4516  2.5033  2.4072  2.3215  2.2214  2.2314  2.1458  2.1287  2.0854
 162  0.893018  3.8586  3.8537  0.9229  2.7606  2.6572  2.5729  2.4381  2.4908  2.3921  2.3043  2.2003  2.2115  2.1235  2.1056  2.0602
 163  0.893350  3.8553  3.8349  0.9287  2.7542  2.6485  2.5626  2.4247  2.4785  2.3769  2.2869  2.1784  2.1912  2.1006  2.0819  2.0343
 164  0.893677  3.8519  3.8153  0.9347  2.7484  2.6402  2.5525  2.4113  2.4663  2.3616  2.2692  2.1560  2.1704  2.0772  2.0576  2.0076
 165  0.893998  3.8482  3.7949  0.9407  2.7434  2.6325  2.5429  2.3980  2.4543  2.3463  2.2514  2.1332  2.1493  2.0532  2.0327  1.9801
 166  0.894314  3.8444  3.7736  0.9467  2.7393  2.6253  2.5336  2.3848  2.4425  2.3310  2.2334  2.1100  2.1279  2.0287  2.0071  1.9519
 167  0.894625  3.8404  3.7518  0.9528  2.7359  2.6186  2.5248  2.3717  2.4308  2.3156  2.2151  2.0867  2.1063  2.0037  1.9811  1.9231
 168  0.894933  3.8364  3.7297  0.9590  2.7325  2.6118  2.5156  2.3585  2.4190  2.3001  2.1969  2.0634  2.0849  1.9787  1.9551  1.8942
 169  0.895238  3.8323  3.7071  0.9653  2.7292  2.6050  2.5062  2.3452  2.4072  2.2846  2.1786  2.0402  2.0634  1.9536  1.9289  1.8652
 170  0.895539  3.8281  3.6842  0.9715  2.7264  2.5987  2.4975  2.3321  2.3957  2.2692  2.1603  2.0167  2.0418  1.9284  1.9026  1.8358
 171  0.895837  3.8237  3.6607  0.9778  2.7245  2.5930  2.4891  2.3192  2.3844  2.2540  2.1421  1.9934  2.0202  1.9031  1.8760  1.8061
 172  0.896132  3.8191  3.6363  0.9840  2.7239  2.5880  2.4812  2.3066  2.3736  2.2388  2.1237  1.9699  1.9986  1.8773  1.8490  1.7757
 173  0.896424  3.8145  3.6115  0.9902  2.7245  2.5839  2.4740  2.2940  2.3629  2.2236  2.1051  1.9455  1.9765  1.8508  1.8213  1.7446
 174  0.896717  3.8096  3.5860  0.9962  2.7262  2.5807  2.4674  2.2824  2.3532  2.2093  2.0875  1.9226  1.9555  1.8253  1.7944  1.7142
 175  0.897011  3.8044  3.5597  1.0019  2.7299  2.5792  2.4623  2.2720  2.3448  2.1962  2.0709  1.9009  1.9356  1.8005  1.7682  1.6841
 176  0.897310  3.7991  3.5332  1.0075  2.7350  2.5787  2.4582  2.2622  2.3372  2.1836  2.0548  1.8797  1.9161  1.7759  1.7421  1.6542
 177  0.897618  3.7935  3.5061  1.0125  2.7433  2.5808  2.4561  2.2543  2.3314  2.1726  2.0402  1.8597  1.8980  1.7524  1.7171  1.6250
 178  0.897936  3.7877  3.4786  1.0167  2.7553  2.5863  2.4576  2.2491  2.3288  2.1644  2.0281  1.8418  1.8825  1.7308  1.6938  1.5973
 179  0.898269  3.7817  3.4515  1.0201  2.7728  2.5953  2.4611  2.2450  2.3276  2.1568  2.0160  1.8234  1.8664  1.7088  1.6702  1.5692
 180  0.898617  3.7758  3.4253  1.0230  2.7924  2.6058  2.4654  2.2418  2.3273  2.1502  2.0050  1.8068  1.8516  1.6881  1.6477  1.5425
 181  0.898974  3.7703  3.4004  1.0259  2.8100  2.6152  2.4694  2.2395  2.3275  2.1450  1.9960  1.7937  1.8399  1.6702  1.6283  1.5189
 182  0.899267  3.7663  3.3808  1.0297  2.8191  2.6182  2.4683  2.2339  2.3237  2.1373  1.9857  1.7802  1.8275  1.6535  1.6104  1.4980
 183  0.899555  3.7628  3.3617  1.0351  2.8222  2.6158  2.4623  2.2239  2.3152  2.1253  1.9714  1.7632  1.8113  1.6337  1.5896  1.4746
 184  0.899837  3.7599  3.3423  1.0429  2.8173  2.6060  2.4492  2.2073  2.3000  2.1071  1.9512  1.7406  1.7893  1.6088  1.5638  1.4466
 185  0.900109  3.7574  3.3231  1.0519  2.8079  2.5921  2.4324  2.1874  2.2813  2.0857  1.9279  1.7152  1.7646  1.5814  1.5357  1.4165
 186  0.900373  3.7552  3.3040  1.0627  2.7922  2.5727  2.4104  2.1628  2.2578  2.0599  1.9007  1.6862  1.7360  1.5506  1.5043  1.3835
 187  0.900628  3.7535  3.2850  1.0748  2.7710  2.5484  2.3842  2.1345  2.2303  2.0307  1.8702  1.6544  1.7046  1.5173  1.4705  1.3483
 188  0.900876  3.7518  3.2662  1.0870  2.7493  2.5238  2.3576  2.1058  2.2024  2.0011  1.8395  1.6224  1.6730  1.4839  1.4366  1.3131
 189  0.901118  3.7504  3.2475  1.1003  2.7233  2.4953  2.3276  2.0741  2.1714  1.9686  1.8061  1.5880  1.6389  1.4483  1.4006  1.2760
 190  0.901355  3.7491  3.2289  1.1138  2.6965  2.4662  2.2970  2.0419  2.1398  1.9358  1.7724  1.5532  1.6044  1.4125  1.3644  1.2388
 191  0.901589  3.7480  3.2104  1.1278  2.6676  2.4352  2.2647  2.0083  2.1067  1.9015  1.7374  1.5174  1.5688  1.3757  1.3272  1.2007
 192  0.901818  3.7469  3.1920  1.1421  2.6376  2.4033  2.2316  1.9739  2.0728  1.8665  1.7017  1.4809  1.5325  1.3383  1.2895  1.1622
 193  0.902045  3.7460  3.1737  1.1567  2.6065  2.3704  2.1976  1.9387  2.0380  1.8308  1.6653  1.4439  1.4957  1.3004  1.2513  1.1232
 194  0.902269  3.7451  3.1554  1.1715  2.5744  2.3366  2.1627  1.9028  2.0026  1.7944  1.6283  1.4062  1.4582  1.2620  1.2127  1.0838
 195  0.902490  3.7442  3.1371  1.1864  2.5419  2.3025  2.1276  1.8666  1.9668  1.7578  1.5911  1.3684  1.4206  1.2234  1.1738  1.0442
 196  0.902709  3.7434  3.1188  1.2016  2.5086  2.2677  2.0918  1.8299  1.9304  1.7206  1.5534  1.3301  1.3824  1.1843  1.1345  1.0043
 197  0.902926  3.7426  3.1006  1.2169  2.4746  2.2323  2.0554  1.7926  1.8935  1.6829  1.5151  1.2913  1.3438  1.1449  1.0948  0.9639
 198  0.903141  3.7419  3.0823  1.2323  2.4403  2.1966  2.0188  1.7551  1.8564  1.6449  1.4767  1.2524  1.3050  1.1052  1.0549  0.9235
 199  0.903353  3.7412  3.0639  1.2479  2.4054  2.1603  1.9817  1.7171  1.8187  1.6066  1.4379  1.2130  1.2658  1.0652  1.0147  0.8826
 200  0.903564  3.7405  3.0455  1.2636  2.3700  2.1236  1.9442  1.6788  1.7807  1.5678  1.3986  1.1733  1.2263  1.0249  0.9741  0.8415
 201  0.903772  3.7398  3.0271  1.2795  2.3343  2.0866  1.9064  1.6402  1.7424  1.5288  1.3592  1.1334  1.1865  0.9843  0.9333  0.8002
 202  0.903978  3.7391  3.0085  1.2955  2.2979  2.0490  1.8680  1.6010  1.7035  1.4893  1.3192  1.0930  1.1462  0.9433  0.8921  0.7584
 203  0.904178  3.7385  2.9896  1.3119  2.2609  2.0107  1.8290  1.5611  1.6640  1.4490  1.2785  1.0519  1.1052  0.9015  0.8501  0.7158
 204  0.904372  3.7378  2.9701  1.3286  2.2231  1.9715  1.7890  1.5203  1.6235  1.4078  1.2369  1.0097  1.0632  0.8587  0.8071  0.6722
 205  0.904561  3.7371  2.9504  1.3456  2.1847  1.9318  1.7485  1.4790  1.5824  1.3661  1.1947  0.9671  1.0207  0.8154  0.7635  0.6281
 206  0.904744  3.7364  2.9303  1.3630  2.1454  1.8912  1.7070  1.4368  1.5405  1.3235  1.1517  0.9237  0.9773  0.7712  0.7191  0.5832
 207  0.904922  3.7357  2.9101  1.3805  2.1056  1.8502  1.6652  1.3941  1.4981  1.2804  1.1082  0.8797  0.9334  0.7266  0.6743  0.5377
 208  0.905096  3.7349  2.8896  1.3982  2.0654  1.8086  1.6228  1.3509  1.4553  1.2369  1.0642  0.8352  0.8891  0.6814  0.6289  0.4917
 209  0.905265  3.7342  2.8688  1.4162  2.0247  1.7665  1.5799  1.3072  1.4118  1.1927  1.0196  0.7902  0.8441  0.6357  0.5829  0.4451
 210  0.905430  3.7335  2.8478  1.4344  1.9836  1.7241  1.5365  1.2630  1.3680  1.1482  0.9746  0.7448  0.7987  0.5895  0.5365  0.3981
 211  0.905591  3.7328  2.8266  1.4527  1.9422  1.6812  1.4928  1.2184  1.3237  1.1032  0.9291  0.6989  0.7529  0.5429  0.4896  0.3507
 212  0.905747  3.7320  2.8053  1.4712  1.9002  1.6378  1.4486  1.1734  1.2790  1.0578  0.8833  0.6526  0.7067  0.4959  0.4424  0.3028
 213  0.905899  3.7313  2.7838  1.4899  1.8580  1.5942  1.4040  1.1280  1.2340  1.0120  0.8370  0.6059  0.6601  0.4484  0.3947  0.2545
 214  0.906046  3.7306  2.7621  1.5087  1.8156  1.5503  1.3591  1.0823  1.1886  0.9658  0.7904  0.5588  0.6131  0.4006  0.3466  0.2058
 215  0.906191  3.7298  2.7403  1.5276  1.7728  1.5060  1.3139  1.0363  1.1429  0.9194  0.7435  0.5115  0.5658  0.3525  0.2983  0.1569
 216  0.906330  3.7291  2.7183  1.5467  1.7298  1.4615  1.2684  0.9899  1.0969  0.8726  0.6962  0.4637  0.5182  0.3040  0.2495  0.1075
 217  0.906357  3.7289  2.7140  1.5504  1.7215  1.4529  1.2596  0.9809  1.0879  0.8636  0.6871  0.4544  0.5089  0.2946  0.2401  0.0979
 218  0.906383  3.7288  2.7097  1.5541  1.7132  1.4443  1.2508  0.9720  1.0791  0.8545  0.6779  0.4452  0.4997  0.2852  0.2307  0.0883
 219  0.906409  3.7287  2.7055  1.5578  1.7049  1.4357  1.2420  0.9630  1.0702  0.8455  0.6688  0.4360  0.4905  0.2758  0.2212  0.0787
 220  0.906435  3.7285  2.7011  1.5616  1.6965  1.4269  1.2331  0.9539  1.0611  0.8362  0.6595  0.4266  0.4811  0.2662  0.2116  0.0690
 221  0.906462  3.7284  2.6968  1.5653  1.6881  1.4182  1.2241  0.9448  1.0521  0.8271  0.6502  0.4172  0.4718  0.2567  0.2020  0.0593
 222  0.906488  3.7282  2.6925  1.5690  1.6796  1.4095  1.2153  0.9357  1.0431  0.8179  0.6410  0.4079  0.4625  0.2473  0.1925  0.0497
 223  0.906514  3.7281  2.6882  1.5728  1.6712  1.4007  1.2063  0.9266  1.0340  0.8087  0.6316  0.3985  0.4531  0.2377  0.1829  0.0400
 224  0.906540  3.7279  2.6839  1.5766  1.6627  1.3919  1.1973  0.9174  1.0249  0.7995  0.6223  0.3891  0.4437  0.2281  0.1733  0.0302
 225  0.906565  3.7278  2.6795  1.5804  1.6542  1.3831  1.1883  0.9082  1.0158  0.7902  0.6129  0.3796  0.4342  0.2185  0.1636  0.0204
 226  0.906591  3.7276  2.6750  1.5842  1.6456  1.3742  1.1792  0.8989  1.0066  0.7808  0.6035  0.3700  0.4247  0.2088  0.1538  0.0105
 227  0.906838  3.7261  2.6311  1.6222  1.5605  1.2858  1.0888  0.8067  0.9151  0.6878  0.5094  0.2750  0.3299  0.1122  0.0568 -0.0879
 228  0.907076  3.7246  2.5857  1.6615  1.4728  1.1947  0.9955  0.7116  0.8207  0.5917  0.4122  0.1769  0.2319  0.0124 -0.0435 -0.1895
 229  0.907297  3.7230  2.5406  1.7006  1.3855  1.1040  0.9027  0.6169  0.7268  0.4961  0.3156  0.0793  0.1344 -0.0868 -0.1433 -0.2906
 230  0.907504  3.7215  2.4951  1.7399  1.2986  1.0134  0.8098  0.5220  0.6327  0.4003  0.2188 -0.0185  0.0367 -0.1864 -0.2434 -0.3921
 231  0.907696  3.7197  2.4490  1.7791  1.2134  0.9239  0.7177  0.4276  0.5392  0.3048  0.1220 -0.1165 -0.0612 -0.2863 -0.3439 -0.4940
 232  0.907874  3.7180  2.4032  1.8181  1.1294  0.8354  0.6265  0.3338  0.4465  0.2100  0.0258 -0.2139 -0.1584 -0.3856 -0.4438 -0.5954
 233  0.908037  3.7163  2.3582  1.8563  1.0478  0.7492  0.5376  0.2422  0.3559  0.1172 -0.0683 -0.3093 -0.2537 -0.4829 -0.5417 -0.6948
 234  0.908192  3.7145  2.3125  1.8950  0.9659  0.6622  0.4477  0.1493  0.2642  0.0231 -0.1639 -0.4063 -0.3505 -0.5820 -0.6413 -0.7960
 235  0.908332  3.7128  2.2681  1.9326  0.8868  0.5781  0.3608  0.0594  0.1754 -0.0681 -0.2566 -0.5003 -0.4443 -0.6780 -0.7379 -0.8941
 236  0.908463  3.7110  2.2237  1.9701  0.8082  0.4943  0.2742 -0.0303  0.0869 -0.1590 -0.3490 -0.5940 -0.5378 -0.7738 -0.8343 -0.9920
 237  0.908583  3.7093  2.1801  2.0069  0.7312  0.4123  0.1895 -0.1179  0.0004 -0.2478 -0.4393 -0.6855 -0.6293 -0.8674 -0.9286 -1.0878
 238  0.908695  3.7076  2.1367  2.0434  0.6550  0.3311  0.1055 -0.2047 -0.0853 -0.3359 -0.5288 -0.7761 -0.7198 -0.9602 -1.0219 -1.1827
 239  0.908797  3.7059  2.0946  2.0789  0.5807  0.2522  0.0240 -0.2888 -0.1684 -0.4211 -0.6153 -0.8637 -0.8074 -1.0499 -1.1123 -1.2746
 240  0.908895  3.7042  2.0514  2.1153  0.5050  0.1717 -0.0591 -0.3747 -0.2532 -0.5082 -0.7038 -0.9532 -0.8968 -1.1417 -1.2047 -1.3687
 241  0.908986  3.7025  2.0089  2.1509  0.4313  0.0931 -0.1403 -0.4587 -0.3362 -0.5934 -0.7904 -1.0408 -0.9843 -1.2317 -1.2953 -1.4608
 242  0.909069  3.7007  1.9673  2.1855  0.3612  0.0178 -0.2183 -0.5398 -0.4161 -0.6757 -0.8742 -1.1257 -1.0690 -1.3190 -1.3833 -1.5504
 243  0.909148  3.6989  1.9253  2.2202  0.2918 -0.0571 -0.2961 -0.6207 -0.4958 -0.7580 -0.9580 -1.2108 -1.1539 -1.4064 -1.4714 -1.6403
 244  0.909221  3.6971  1.8849  2.2535  0.2262 -0.1284 -0.3703 -0.6982 -0.5721 -0.8368 -1.0384 -1.2930 -1.2353 -1.4904 -1.5561 -1.7268
 245  0.909288  3.6954  1.8473  2.2845  0.1658 -0.1941 -0.4388 -0.7698 -0.6425 -0.9097 -1.1127 -1.3692 -1.3108 -1.5681 -1.6346 -1.8069
 246  0.909353  3.6939  1.8135  2.3124  0.1117 -0.2532 -0.5004 -0.8342 -0.7059 -0.9754 -1.1797 -1.4379 -1.3788 -1.6382 -1.7053 -1.8792
 247  0.909413  3.6930  1.7916  2.3306  0.0760 -0.2919 -0.5408 -0.8763 -0.7473 -1.0182 -1.2234 -1.4827 -1.4232 -1.6838 -1.7512 -1.9261
 248  0.909473  3.6934  1.7965  2.3271  0.0810 -0.2858 -0.5341 -0.8690 -0.7402 -1.0106 -1.2155 -1.4744 -1.4150 -1.6752 -1.7425 -1.9170
 249  0.909538  3.6927  1.7778  2.3430  0.0488 -0.3204 -0.5699 -0.9061 -0.7769 -1.0484 -1.2539 -1.5137 -1.4540 -1.7151 -1.7827 -1.9580
 250  0.909600  3.6906  1.7327  2.3801 -0.0219 -0.3980 -0.6510 -0.9912 -0.8605 -1.1351 -1.3425 -1.6049 -1.5441 -1.8080 -1.8764 -2.0538
 251  0.909658  3.6885  1.6864  2.4179 -0.0930 -0.4766 -0.7333 -1.0777 -0.9454 -1.2234 -1.4328 -1.6972 -1.6359 -1.9029 -1.9722 -2.1518
 252  0.909711  3.6865  1.6413  2.4549 -0.1614 -0.5526 -0.8131 -1.1618 -1.0279 -1.3093 -1.5206 -1.7867 -1.7253 -1.9954 -2.0656 -2.2472
 253  0.909760  3.6844  1.5970  2.4910 -0.2277 -0.6266 -0.8907 -1.2439 -1.1083 -1.3931 -1.6065 -1.8740 -1.8127 -2.0858 -2.1569 -2.3406
 254  0.909805  3.6825  1.5543  2.5259 -0.2907 -0.6974 -0.9651 -1.3227 -1.1855 -1.4737 -1.6891 -1.9578 -1.8969 -2.1730 -2.2449 -2.4306
 255  0.909847  3.6806  1.5125  2.5601 -0.3521 -0.7665 -1.0379 -1.3999 -1.2609 -1.5526 -1.7700 -2.0399 -1.9792 -2.2584 -2.3311 -2.5188
 256  0.909885  3.6786  1.4708  2.5938 -0.4109 -0.8334 -1.1085 -1.4752 -1.3345 -1.6298 -1.8493 -2.1206 -2.0600 -2.3424 -2.4159 -2.6057
 257  0.909921  3.6765  1.4298  2.6267 -0.4671 -0.8979 -1.1768 -1.5483 -1.4059 -1.7049 -1.9265 -2.1991 -2.1388 -2.4244 -2.4988 -2.6907
 258  0.909955  3.6745  1.3894  2.6591 -0.5215 -0.9607 -1.2434 -1.6199 -1.4756 -1.7784 -2.0022 -2.2761 -2.2160 -2.5049 -2.5801 -2.7741
 259  0.909986  3.6726  1.3496  2.6910 -0.5740 -1.0218 -1.3083 -1.6898 -1.5436 -1.8503 -2.0763 -2.3516 -2.2916 -2.5839 -2.6600 -2.8561
 260  0.910014  3.6706  1.3110  2.7218 -0.6237 -1.0801 -1.3704 -1.7569 -1.6089 -1.9195 -2.1476 -2.4242 -2.3646 -2.6600 -2.7371 -2.9353
 261  0.910041  3.6687  1.2731  2.7520 -0.6715 -1.1367 -1.4307 -1.8223 -1.6725 -1.9869 -2.2173 -2.4951 -2.4359 -2.7345 -2.8124 -3.0128
 262  0.910066  3.6668  1.2358  2.7816 -0.7177 -1.1916 -1.4893 -1.8862 -1.7345 -2.0529 -2.2854 -2.5645 -2.5058 -2.8075 -2.8863 -3.0887
 263  0.910089  3.6649  1.1991  2.8108 -0.7621 -1.2449 -1.5464 -1.9486 -1.7949 -2.1174 -2.3521 -2.6325 -2.5742 -2.8791 -2.9588 -3.1634
 264  0.910111  3.6630  1.1626  2.8397 -0.8052 -1.2972 -1.6023 -2.0100 -1.8545 -2.1810 -2.4181 -2.6996 -2.6419 -2.9500 -3.0306 -3.2373
 265  0.910132  3.6611  1.1272  2.8677 -0.8461 -1.3470 -1.6557 -2.0690 -1.9115 -2.2422 -2.4815 -2.7642 -2.7070 -3.0184 -3.0999 -3.3087
 266  0.910151  3.6592  1.0922  2.8951 -0.8850 -1.3951 -1.7073 -2.1263 -1.9668 -2.3017 -2.5433 -2.8273 -2.7705 -3.0853 -3.1677 -3.3787
 267  0.910169  3.6574  1.0577  2.9224 -0.9231 -1.4422 -1.7579 -2.1827 -2.0212 -2.3605 -2.6044 -2.8895 -2.8333 -3.1514 -3.2348 -3.4479
 268  0.910186  3.6556  1.0241  2.9487 -0.9589 -1.4871 -1.8062 -2.2367 -2.0733 -2.4169 -2.6631 -2.9494 -2.8937 -3.2152 -3.2995 -3.5148
 269  0.910202  3.6537  0.9909  2.9745 -0.9926 -1.5300 -1.8524 -2.2889 -2.1235 -2.4715 -2.7200 -3.0075 -2.9524 -3.2774 -3.3626 -3.5802
 270  0.910217  3.6518  0.9577  3.0001 -1.0243 -1.5712 -1.8970 -2.3397 -2.1722 -2.5248 -2.7758 -3.0644 -3.0099 -3.3385 -3.4248 -3.6448
 271  0.910231  3.6499  0.9250  3.0251 -1.0538 -1.6104 -1.9396 -2.3886 -2.2190 -2.5763 -2.8297 -3.1195 -3.0657 -3.3980 -3.4854 -3.7077
 272  0.910245  3.6480  0.8926  3.0498 -1.0823 -1.6485 -1.9811 -2.4365 -2.2648 -2.6269 -2.8827 -3.1736 -3.1206 -3.4567 -3.5450 -3.7698
 273  0.910258  3.6461  0.8610  3.0738 -1.1085 -1.6844 -2.0203 -2.4822 -2.3084 -2.6753 -2.9337 -3.2257 -3.1734 -3.5133 -3.6027 -3.8299
 274  0.910270  3.6442  0.8297  3.0975 -1.1337 -1.7193 -2.0585 -2.5270 -2.3510 -2.7229 -2.9837 -3.2769 -3.2253 -3.5690 -3.6595 -3.8892
 275  0.910281  3.6423  0.7991  3.1206 -1.1572 -1.7525 -2.0949 -2.5700 -2.3919 -2.7687 -3.0321 -3.3264 -3.2757 -3.6231 -3.7147 -3.9469
 276  0.910292  3.6405  0.7692  3.1432 -1.1790 -1.7840 -2.1296 -2.6114 -2.4311 -2.8129 -3.0788 -3.3744 -3.3244 -3.6756 -3.7683 -4.0029
 277  0.910302  3.6387  0.7399  3.1653 -1.1999 -1.8145 -2.1631 -2.6516 -2.4691 -2.8560 -3.1243 -3.4211 -3.3719 -3.7269 -3.8206 -4.0578
 278  0.910312  3.6369  0.7117  3.1866 -1.2195 -1.8434 -2.1949 -2.6899 -2.5053 -2.8972 -3.1679 -3.4659 -3.4175 -3.7761 -3.8709 -4.1104
 279  0.910321  3.6353  0.6857  3.2062 -1.2373 -1.8698 -2.2240 -2.7252 -2.5386 -2.9351 -3.2080 -3.5072 -3.4594 -3.8215 -3.9172 -4.1590
