#EEP   M/Mo  LogTeff   LogG  LogL/Lo   F336W   F439W   F450W   F555W   F606W   F791W   F814W   F850L
  12  0.100796  3.5264  5.3740 -2.8734 17.2520 15.7684 14.9788 13.5506 12.9555 11.4375 11.3947 10.9675
  13  0.111148  3.5346  5.3268 -2.7512 16.6939 15.2619 14.5379 13.1490 12.5695 11.1301 11.0888 10.6710
  14  0.122535  3.5429  5.2787 -2.6277 16.1334 14.7586 14.0943 12.7507 12.1842 10.8167 10.7770 10.3685
  15  0.135850  3.5514  5.2312 -2.5013 15.5689 14.2556 13.6438 12.3501 11.7958 10.4935 10.4555 10.0564
  16  0.150665  3.5593  5.1903 -2.3838 15.0609 13.8013 13.2300 11.9830 11.4407 10.1910 10.1545  9.7643
  17  0.165494  3.5659  5.1589 -2.2852 14.6466 13.4286 12.8857 11.6775 11.1464  9.9358  9.9005  9.5182
  18  0.178924  3.5711  5.1344 -2.2062 14.3217 13.1363 12.6129 11.4351 10.9135  9.7310  9.6966  9.3206
  19  0.191397  3.5752  5.1136 -2.1394 14.0538 12.8951 12.3861 11.2328 10.7191  9.5580  9.5243  9.1534
  20  0.203740  3.5788  5.0943 -2.0785 13.8159 12.6805 12.1828 11.0506 10.5441  9.4007  9.3675  9.0009
  21  0.216628  3.5821  5.0760 -2.0203 13.5927 12.4791 11.9912 10.8781 10.3784  9.2507  9.2180  8.8554
  22  0.230733  3.5853  5.0581 -1.9623 13.3731 12.2808 11.8018 10.7069 10.2140  9.1011  9.0689  8.7102
  23  0.246489  3.5886  5.0405 -1.9031 13.1511 12.0805 11.6097 10.5330 10.0469  8.9486  8.9168  8.5620
  24  0.267592  3.5924  5.0202 -1.8316 12.8850 11.8404 11.3788 10.3235  9.8458  8.7645  8.7332  8.3831
  25  0.289936  3.5961  5.0017 -1.7637 12.6348 11.6146 11.1608 10.1252  9.6554  8.5896  8.5589  8.2133
  26  0.303894  3.5982  4.9916 -1.7248 12.4916 11.4855 11.0359 10.0114  9.5462  8.4893  8.4588  8.1158
  27  0.312119  3.5993  4.9866 -1.7036 12.4146 11.4160 10.9685  9.9498  9.4871  8.4349  8.4045  8.0630
  28  0.317509  3.6001  4.9834 -1.6901 12.3652 11.3715 10.9253  9.9104  9.4493  8.4001  8.3698  8.0292
  29  0.321261  3.6006  4.9812 -1.6806 12.3304 11.3400 10.8948  9.8826  9.4226  8.3757  8.3454  8.0055
  30  0.324306  3.6011  4.9797 -1.6732 12.3021 11.3148 10.8704  9.8606  9.4016  8.3565  8.3264  7.9870
  31  0.326996  3.6015  4.9779 -1.6661 12.2752 11.2908 10.8471  9.8394  9.3814  8.3381  8.3080  7.9692
  32  0.330087  3.6020  4.9760 -1.6582 12.2453 11.2640 10.8212  9.8160  9.3590  8.3177  8.2877  7.9495
  33  0.333579  3.6025  4.9737 -1.6492 12.2118 11.2339 10.7920  9.7894  9.3335  8.2945  8.2645  7.9270
  34  0.337484  3.6031  4.9706 -1.6388 12.1741 11.1999 10.7589  9.7591  9.3044  8.2678  8.2379  7.9011
  35  0.342296  3.6038  4.9667 -1.6260 12.1282 11.1583 10.7184  9.7220  9.2688  8.2350  8.2052  7.8692
  36  0.347823  3.6045  4.9616 -1.6107 12.0740 11.1090 10.6704  9.6779  9.2263  8.1959  8.1661  7.8312
  37  0.365570  3.6075  4.9447 -1.5605 11.8903 10.9433 10.5092  9.5307  9.0853  8.0670  8.0376  7.7063
  38  0.403699  3.6166  4.9029 -1.4392 11.4143 10.5214 10.0993  9.1616  8.7352  7.7539  7.7259  7.4061
  39  0.417355  3.6204  4.8861 -1.3925 11.2275 10.3566  9.9390  9.0177  8.5991  7.6334  7.6060  7.2911
  40  0.427865  3.6237  4.8724 -1.3548 11.0744 10.2218  9.8079  8.9003  8.4885  7.5362  7.5093  7.1986
  41  0.437459  3.6270  4.8597 -1.3193 10.9281 10.0925  9.6824  8.7882  8.3833  7.4447  7.4182  7.1118
  42  0.447250  3.6307  4.8469 -1.2824 10.7725  9.9558  9.5498  8.6704  8.2729  7.3494  7.3235  7.0218
  43  0.457648  3.6349  4.8337 -1.2421 10.5982  9.8042  9.4032  8.5405  8.1517  7.2459  7.2204  6.9243
  44  0.468249  3.6398  4.8203 -1.1995 10.4063  9.6400  9.2446  8.4008  8.0219  7.1361  7.1113  6.8214
  45  0.478848  3.6451  4.8075 -1.1556 10.2000  9.4679  9.0792  8.2559  7.8876  7.0236  6.9993  6.7163
  46  0.489213  3.6506  4.7955 -1.1122  9.9857  9.2953  8.9140  8.1119  7.7543  6.9124  6.8888  6.6128
  47  0.498962  3.6560  4.7848 -1.0714  9.7773  9.1318  8.7581  7.9764  7.6290  6.8081  6.7852  6.5159
  48  0.507858  3.6611  4.7755 -1.0341  9.5810  8.9815  8.6155  7.8528  7.5148  6.7131  6.6908  6.4277
  49  0.515961  3.6660  4.7674 -0.9995  9.3911  8.8404  8.4825  7.7383  7.4088  6.6251  6.6034  6.3462
  50  0.523808  3.6710  4.7599 -0.9656  9.1993  8.7015  8.3522  7.6264  7.3054  6.5391  6.5179  6.2665
  51  0.531654  3.6761  4.7526 -0.9314  9.0026  8.5617  8.2215  7.5146  7.2018  6.4529  6.4321  6.1867
  52  0.535973  3.6789  4.7486 -0.9125  8.8934  8.4850  8.1499  7.4535  7.1451  6.4055  6.3850  6.1428
  53  0.540382  3.6818  4.7446 -0.8933  8.7821  8.4074  8.0775  7.3917  7.0876  6.3574  6.3372  6.0983
  54  0.544906  3.6848  4.7405 -0.8736  8.6689  8.3287  8.0040  7.3289  7.0292  6.3083  6.2885  6.0529
  55  0.549550  3.6879  4.7362 -0.8534  8.5538  8.2489  7.9295  7.2653  6.9700  6.2582  6.2389  6.0066
  56  0.554289  3.6910  4.7318 -0.8328  8.4365  8.1679  7.8541  7.2012  6.9101  6.2075  6.1885  5.9595
  57  0.559044  3.6942  4.7276 -0.8121  8.3182  8.0866  7.7787  7.1372  6.8502  6.1566  6.1380  5.9124
  58  0.563794  3.6974  4.7233 -0.7913  8.2005  8.0058  7.7040  7.0738  6.7909  6.1060  6.0876  5.8656
  59  0.568520  3.7006  4.7191 -0.7706  8.0836  7.9255  7.6298  7.0111  6.7321  6.0558  6.0378  5.8190
  60  0.573212  3.7038  4.7149 -0.7500  7.9686  7.8464  7.5568  6.9493  6.6742  6.0064  5.9887  5.7729
  61  0.577854  3.7070  4.7107 -0.7296  7.8556  7.7686  7.4850  6.8887  6.6172  5.9577  5.9403  5.7276
  62  0.582433  3.7101  4.7064 -0.7095  7.7458  7.6926  7.4150  6.8294  6.5615  5.9100  5.8929  5.6830
  63  0.586952  3.7131  4.7021 -0.6896  7.6385  7.6181  7.3463  6.7713  6.5070  5.8633  5.8465  5.6394
  64  0.591402  3.7161  4.6977 -0.6701  7.5348  7.5456  7.2795  6.7147  6.4538  5.8176  5.8010  5.5968
  65  0.595791  3.7190  4.6932 -0.6508  7.4344  7.4748  7.2143  6.6594  6.4017  5.7728  5.7564  5.5553
  66  0.600111  3.7218  4.6886 -0.6319  7.3375  7.4060  7.1507  6.6055  6.3509  5.7289  5.7128  5.5145
  67  0.604378  3.7245  4.6839 -0.6131  7.2429  7.3386  7.0885  6.5526  6.3010  5.6858  5.6699  5.4743
  68  0.608592  3.7272  4.6792 -0.5945  7.1503  7.2726  7.0275  6.5006  6.2519  5.6432  5.6275  5.4345
  69  0.612762  3.7299  4.6744 -0.5761  7.0600  7.2078  6.9675  6.4495  6.2036  5.6012  5.5857  5.3950
  70  0.616887  3.7325  4.6694 -0.5579  6.9726  7.1442  6.9086  6.3991  6.1560  5.5598  5.5445  5.3561
  71  0.620952  3.7350  4.6644 -0.5398  6.8884  7.0817  6.8505  6.3494  6.1091  5.5191  5.5040  5.3178
  72  0.624960  3.7375  4.6593 -0.5220  6.8067  7.0204  6.7934  6.3005  6.0629  5.4791  5.4642  5.2802
  73  0.628905  3.7399  4.6541 -0.5044  6.7275  6.9602  6.7374  6.2524  6.0175  5.4398  5.4250  5.2432
  74  0.632780  3.7423  4.6488 -0.4871  6.6500  6.9012  6.6824  6.2051  5.9730  5.4012  5.3867  5.2070
  75  0.636586  3.7446  4.6435 -0.4700  6.5746  6.8435  6.6285  6.1588  5.9293  5.3634  5.3490  5.1715
  76  0.640315  3.7468  4.6381 -0.4533  6.5018  6.7873  6.5759  6.1135  5.8864  5.3262  5.3121  5.1367
  77  0.643970  3.7489  4.6327 -0.4368  6.4320  6.7328  6.5248  6.0692  5.8445  5.2896  5.2757  5.1022
  78  0.647538  3.7510  4.6272 -0.4207  6.3655  6.6801  6.4754  6.0261  5.8036  5.2536  5.2399  5.0682
  79  0.651026  3.7530  4.6217 -0.4048  6.3017  6.6290  6.4274  5.9841  5.7636  5.2183  5.2047  5.0348
  80  0.654420  3.7549  4.6162 -0.3894  6.2404  6.5794  6.3807  5.9432  5.7247  5.1839  5.1704  5.0022
  81  0.657729  3.7568  4.6107 -0.3742  6.1815  6.5313  6.3354  5.9033  5.6867  5.1502  5.1368  4.9702
  82  0.662325  3.7593  4.6028 -0.3531  6.1004  6.4645  6.2723  5.8477  5.6337  5.1032  5.0900  4.9256
  83  0.666876  3.7618  4.5947 -0.3320  6.0215  6.3986  6.2098  5.7925  5.5810  5.0563  5.0434  4.8810
  84  0.671392  3.7643  4.5863 -0.3109  5.9441  6.3332  6.1478  5.7374  5.5284  5.0094  4.9967  4.8363
  85  0.675880  3.7667  4.5778 -0.2898  5.8679  6.2682  6.0860  5.6823  5.4757  4.9624  4.9499  4.7916
  86  0.680343  3.7691  4.5692 -0.2686  5.7927  6.2034  6.0242  5.6272  5.4230  4.9153  4.9029  4.7467
  87  0.684784  3.7715  4.5603 -0.2473  5.7185  6.1388  5.9625  5.5719  5.3701  4.8681  4.8558  4.7016
  88  0.689204  3.7739  4.5513 -0.2260  5.6450  6.0742  5.9008  5.5164  5.3171  4.8206  4.8085  4.6562
  89  0.693600  3.7763  4.5421 -0.2044  5.5724  6.0096  5.8390  5.4608  5.2638  4.7729  4.7610  4.6106
  90  0.697966  3.7787  4.5327 -0.1828  5.5005  5.9450  5.7771  5.4048  5.2102  4.7249  4.7131  4.5647
  91  0.702293  3.7811  4.5232 -0.1610  5.4294  5.8804  5.7150  5.3487  5.1564  4.6765  4.6649  4.5183
  92  0.706552  3.7834  4.5134 -0.1392  5.3596  5.8161  5.6532  5.2926  5.1025  4.6279  4.6165  4.4718
  93  0.710728  3.7858  4.5036 -0.1174  5.2908  5.7521  5.5915  5.2365  5.0487  4.5793  4.5681  4.4252
  94  0.714818  3.7881  4.4934 -0.0957  5.2232  5.6885  5.5301  5.1806  4.9950  4.5308  4.5197  4.3786
  95  0.718815  3.7903  4.4831 -0.0740  5.1569  5.6254  5.4692  5.1249  4.9415  4.4824  4.4715  4.3321
  96  0.722718  3.7924  4.4725 -0.0524  5.0918  5.5628  5.4087  5.0695  4.8883  4.4342  4.4234  4.2856
  97  0.726525  3.7945  4.4615 -0.0309  5.0276  5.5008  5.3487  5.0145  4.8354  4.3863  4.3757  4.2395
  98  0.730237  3.7965  4.4503 -0.0096  4.9648  5.4394  5.2892  4.9599  4.7829  4.3386  4.3280  4.1934
  99  0.733853  3.7984  4.4387  0.0116  4.9032  5.3786  5.2303  4.9057  4.7306  4.2910  4.2805  4.1473
 100  0.737377  3.8002  4.4269  0.0327  4.8430  5.3187  5.1720  4.8518  4.6787  4.2435  4.2331  4.1013
 101  0.740810  3.8019  4.4149  0.0537  4.7841  5.2594  5.1144  4.7983  4.6270  4.1961  4.1858  4.0552
 102  0.744157  3.8035  4.4025  0.0745  4.7264  5.2008  5.0573  4.7451  4.5756  4.1487  4.1385  4.0091
 103  0.747419  3.8050  4.3898  0.0952  4.6699  5.1429  5.0008  4.6924  4.5244  4.1013  4.0912  3.9630
 104  0.750603  3.8065  4.3769  0.1158  4.6146  5.0857  4.9449  4.6399  4.4735  4.0540  4.0439  3.9168
 105  0.753718  3.8078  4.3637  0.1362  4.5605  5.0291  4.8895  4.5877  4.4227  4.0065  3.9965  3.8703
 106  0.756769  3.8091  4.3502  0.1566  4.5072  4.9729  4.8345  4.5357  4.3720  3.9590  3.9491  3.8238
 107  0.759754  3.8103  4.3364  0.1770  4.4547  4.9171  4.7798  4.4839  4.3214  3.9115  3.9016  3.7771
 108  0.762676  3.8115  4.3223  0.1972  4.4029  4.8618  4.7256  4.4323  4.2711  3.8640  3.8541  3.7304
 109  0.765533  3.8125  4.3079  0.2174  4.3518  4.8070  4.6718  4.3811  4.2209  3.8165  3.8067  3.6837
 110  0.768330  3.8135  4.2933  0.2374  4.3015  4.7528  4.6184  4.3301  4.1710  3.7690  3.7593  3.6369
 111  0.771055  3.8143  4.2785  0.2573  4.2517  4.6990  4.5655  4.2794  4.1213  3.7217  3.7120  3.5902
 112  0.771837  3.8146  4.2742  0.2632  4.2370  4.6831  4.5498  4.2645  4.1067  3.7078  3.6981  3.5765
 113  0.772615  3.8149  4.2699  0.2692  4.2220  4.6667  4.5338  4.2492  4.0918  3.6938  3.6841  3.5626
 114  0.773389  3.8153  4.2656  0.2751  4.2071  4.6505  4.5179  4.2341  4.0769  3.6797  3.6700  3.5488
 115  0.774159  3.8156  4.2614  0.2812  4.1918  4.6338  4.5015  4.2185  4.0618  3.6655  3.6558  3.5349
 116  0.774925  3.8160  4.2571  0.2873  4.1765  4.6171  4.4851  4.2030  4.0466  3.6513  3.6416  3.5208
 117  0.775689  3.8163  4.2529  0.2935  4.1610  4.6002  4.4685  4.1873  4.0313  3.6369  3.6272  3.5067
 118  0.776449  3.8167  4.2484  0.2996  4.1456  4.5833  4.4520  4.1715  4.0159  3.6224  3.6128  3.4925
 119  0.777205  3.8170  4.2439  0.3059  4.1301  4.5663  4.4353  4.1556  4.0004  3.6077  3.5981  3.4779
 120  0.777956  3.8173  4.2391  0.3122  4.1146  4.5493  4.4185  4.1396  3.9847  3.5927  3.5831  3.4632
 121  0.778701  3.8175  4.2342  0.3185  4.0990  4.5322  4.4017  4.1234  3.9688  3.5775  3.5679  3.4481
 122  0.779441  3.8177  4.2290  0.3250  4.0833  4.5151  4.3848  4.1071  3.9527  3.5620  3.5524  3.4327
 123  0.780174  3.8179  4.2236  0.3314  4.0676  4.4979  4.3678  4.0906  3.9364  3.5463  3.5367  3.4171
 124  0.780902  3.8180  4.2180  0.3380  4.0519  4.4807  4.3508  4.0740  3.9200  3.5303  3.5207  3.4012
 125  0.781624  3.8182  4.2123  0.3446  4.0360  4.4633  4.3336  4.0572  3.9035  3.5142  3.5046  3.3851
 126  0.782340  3.8183  4.2065  0.3513  4.0200  4.4459  4.3163  4.0403  3.8867  3.4978  3.4882  3.3688
 127  0.783051  3.8184  4.2006  0.3580  4.0040  4.4284  4.2989  4.0233  3.8699  3.4813  3.4717  3.3524
 128  0.783756  3.8184  4.1945  0.3648  3.9879  4.4108  4.2815  4.0062  3.8529  3.4646  3.4550  3.3357
 129  0.784457  3.8185  4.1883  0.3716  3.9717  4.3932  4.2640  3.9890  3.8358  3.4478  3.4382  3.3189
 130  0.785151  3.8185  4.1820  0.3784  3.9555  4.3755  4.2464  3.9717  3.8186  3.4308  3.4212  3.3019
 131  0.785840  3.8186  4.1756  0.3854  3.9393  4.3578  4.2288  3.9542  3.8012  3.4136  3.4040  3.2847
 132  0.786523  3.8186  4.1689  0.3923  3.9230  4.3401  4.2111  3.9367  3.7837  3.3962  3.3866  3.2672
 133  0.787199  3.8185  4.1620  0.3993  3.9066  4.3223  4.1934  3.9190  3.7661  3.3786  3.3689  3.2495
 134  0.787867  3.8184  4.1549  0.4064  3.8903  4.3046  4.1756  3.9013  3.7483  3.3606  3.3510  3.2314
 135  0.788528  3.8183  4.1477  0.4135  3.8738  4.2868  4.1578  3.8833  3.7303  3.3425  3.3329  3.2132
 136  0.789182  3.8181  4.1402  0.4207  3.8573  4.2690  4.1399  3.8653  3.7122  3.3241  3.3145  3.1946
 137  0.789828  3.8179  4.1325  0.4280  3.8408  4.2512  4.1220  3.8472  3.6939  3.3055  3.2959  3.1759
 138  0.790466  3.8177  4.1246  0.4353  3.8242  4.2334  4.1041  3.8290  3.6755  3.2867  3.2770  3.1568
 139  0.791096  3.8174  4.1164  0.4426  3.8076  4.2156  4.0861  3.8106  3.6569  3.2676  3.2579  3.1374
 140  0.791716  3.8170  4.1081  0.4500  3.7910  4.1978  4.0682  3.7921  3.6382  3.2482  3.2385  3.1177
 141  0.792328  3.8167  4.0994  0.4575  3.7743  4.1800  4.0502  3.7735  3.6193  3.2285  3.2188  3.0978
 142  0.792930  3.8163  4.0906  0.4650  3.7577  4.1623  4.0322  3.7548  3.6002  3.2086  3.1988  3.0775
 143  0.793521  3.8158  4.0814  0.4726  3.7410  4.1446  4.0142  3.7360  3.5810  3.1883  3.1785  3.0568
 144  0.794103  3.8152  4.0719  0.4802  3.7244  4.1271  3.9963  3.7171  3.5616  3.1677  3.1579  3.0358
 145  0.794673  3.8146  4.0621  0.4879  3.7078  4.1096  3.9784  3.6980  3.5421  3.1469  3.1370  3.0144
 146  0.795233  3.8140  4.0520  0.4957  3.6913  4.0923  3.9606  3.6790  3.5223  3.1256  3.1157  2.9926
 147  0.795781  3.8132  4.0415  0.5035  3.6748  4.0752  3.9428  3.6598  3.5024  3.1041  3.0941  2.9705
 148  0.796318  3.8124  4.0307  0.5114  3.6585  4.0582  3.9252  3.6405  3.4824  3.0821  3.0721  2.9478
 149  0.796842  3.8115  4.0195  0.5193  3.6424  4.0415  3.9078  3.6212  3.4622  3.0598  3.0498  2.9248
 150  0.797354  3.8105  4.0079  0.5272  3.6264  4.0250  3.8905  3.6019  3.4419  3.0372  3.0271  2.9014
 151  0.797853  3.8094  3.9958  0.5352  3.6107  4.0088  3.8734  3.5825  3.4215  3.0142  3.0040  2.8775
 152  0.798338  3.8082  3.9832  0.5432  3.5953  3.9930  3.8566  3.5631  3.4009  2.9908  2.9805  2.8532
 153  0.798810  3.8069  3.9702  0.5513  3.5802  3.9775  3.8400  3.5438  3.3803  2.9670  2.9568  2.8284
 154  0.799269  3.8055  3.9567  0.5594  3.5655  3.9622  3.8236  3.5245  3.3597  2.9432  2.9328  2.8034
 155  0.799713  3.8040  3.9426  0.5675  3.5513  3.9472  3.8075  3.5054  3.3392  2.9192  2.9088  2.7782
 156  0.800144  3.8023  3.9281  0.5756  3.5376  3.9326  3.7916  3.4864  3.3187  2.8950  2.8844  2.7526
 157  0.800561  3.8005  3.9130  0.5837  3.5245  3.9184  3.7761  3.4675  3.2982  2.8705  2.8599  2.7267
 158  0.800964  3.7986  3.8973  0.5919  3.5121  3.9048  3.7611  3.4488  3.2777  2.8458  2.8351  2.7004
 159  0.801354  3.7965  3.8811  0.6000  3.5005  3.8918  3.7465  3.4302  3.2573  2.8209  2.8100  2.6738
 160  0.801731  3.7943  3.8643  0.6082  3.4899  3.8794  3.7324  3.4118  3.2370  2.7957  2.7847  2.6468
 161  0.802097  3.7919  3.8471  0.6163  3.4803  3.8677  3.7189  3.3936  3.2167  2.7703  2.7591  2.6194
 162  0.802409  3.7905  3.8341  0.6235  3.4695  3.8552  3.7052  3.3769  3.1986  2.7489  2.7376  2.5967
 163  0.802715  3.7880  3.8173  0.6306  3.4637  3.8471  3.6948  3.3613  3.1807  2.7253  2.7139  2.5712
 164  0.803015  3.7846  3.7967  0.6377  3.4637  3.8435  3.6880  3.3468  3.1629  2.6997  2.6880  2.5426
 165  0.803309  3.7804  3.7731  0.6447  3.4697  3.8440  3.6844  3.3335  3.1454  2.6724  2.6605  2.5118
 166  0.803601  3.7762  3.7493  0.6517  3.4779  3.8451  3.6812  3.3204  3.1282  2.6453  2.6331  2.4809
 167  0.803894  3.7723  3.7268  0.6590  3.4857  3.8448  3.6767  3.3067  3.1107  2.6187  2.6063  2.4509
 168  0.804188  3.7691  3.7065  0.6664  3.4912  3.8418  3.6701  3.2919  3.0925  2.5927  2.5800  2.4219
 169  0.804478  3.7661  3.6870  0.6741  3.4955  3.8373  3.6622  3.2763  3.0738  2.5667  2.5539  2.3933
 170  0.804764  3.7631  3.6675  0.6821  3.4996  3.8321  3.6534  3.2601  3.0546  2.5405  2.5275  2.3644
 171  0.805042  3.7603  3.6479  0.6904  3.5029  3.8256  3.6434  3.2428  3.0345  2.5138  2.5006  2.3351
 172  0.805308  3.7576  3.6283  0.6993  3.5052  3.8177  3.6321  3.2243  3.0133  2.4863  2.4728  2.3050
 173  0.805560  3.7551  3.6089  0.7088  3.5055  3.8078  3.6188  3.2043  2.9908  2.4579  2.4442  2.2742
 174  0.805798  3.7528  3.5900  0.7187  3.5028  3.7953  3.6031  3.1827  2.9670  2.4287  2.4149  2.2429
 175  0.806022  3.7508  3.5715  0.7292  3.4976  3.7806  3.5856  3.1596  2.9419  2.3988  2.3849  2.2111
 176  0.806232  3.7490  3.5537  0.7400  3.4894  3.7637  3.5661  3.1353  2.9159  2.3687  2.3545  2.1793
 177  0.806430  3.7474  3.5364  0.7511  3.4789  3.7451  3.5451  3.1100  2.8891  2.3383  2.3240  2.1473
 178  0.806619  3.7460  3.5196  0.7624  3.4663  3.7249  3.5229  3.0840  2.8617  2.3077  2.2933  2.1154
 179  0.806800  3.7448  3.5034  0.7739  3.4514  3.7032  3.4994  3.0572  2.8337  2.2770  2.2625  2.0835
 180  0.806974  3.7437  3.4874  0.7854  3.4360  3.6812  3.4757  3.0302  2.8056  2.2462  2.2317  2.0515
 181  0.807144  3.7426  3.4717  0.7971  3.4191  3.6582  3.4511  3.0028  2.7771  2.2154  2.2007  2.0196
 182  0.807335  3.7416  3.4538  0.8109  3.3975  3.6301  3.4215  2.9701  2.7433  2.1791  2.1644  1.9823
 183  0.807525  3.7406  3.4359  0.8250  3.3743  3.6008  3.3907  2.9366  2.7088  2.1422  2.1274  1.9444
 184  0.807713  3.7397  3.4180  0.8394  3.3497  3.5705  3.3590  2.9023  2.6735  2.1047  2.0898  1.9060
 185  0.807900  3.7389  3.4002  0.8541  3.3236  3.5390  3.3264  2.8673  2.6376  2.0666  2.0517  1.8672
 186  0.808086  3.7381  3.3825  0.8688  3.2970  3.5072  3.2933  2.8321  2.6014  2.0285  2.0135  1.8282
 187  0.808271  3.7374  3.3648  0.8837  3.2693  3.4744  3.2595  2.7962  2.5648  1.9899  1.9749  1.7889
 188  0.808455  3.7367  3.3472  0.8988  3.2405  3.4410  3.2251  2.7599  2.5277  1.9512  1.9361  1.7495
 189  0.808639  3.7361  3.3296  0.9139  3.2113  3.4073  3.1904  2.7234  2.4905  1.9123  1.8972  1.7100
 190  0.808822  3.7355  3.3121  0.9291  3.1814  3.3729  3.1552  2.6866  2.4530  1.8733  1.8581  1.6704
 191  0.809005  3.7349  3.2947  0.9444  3.1511  3.3383  3.1197  2.6495  2.4153  1.8342  1.8190  1.6307
 192  0.809187  3.7344  3.2772  0.9598  3.1204  3.3034  3.0840  2.6123  2.3775  1.7950  1.7797  1.5909
 193  0.809367  3.7339  3.2596  0.9753  3.0890  3.2679  3.0477  2.5745  2.3391  1.7554  1.7400  1.5507
 194  0.809548  3.7334  3.2420  0.9910  3.0570  3.2319  3.0109  2.5363  2.3005  1.7155  1.7000  1.5103
 195  0.809726  3.7329  3.2242  1.0069  3.0246  3.1954  2.9737  2.4978  2.2614  1.6752  1.6597  1.4694
 196  0.809904  3.7324  3.2063  1.0229  2.9916  3.1584  2.9359  2.4587  2.2218  1.6345  1.6189  1.4282
 197  0.810080  3.7319  3.1883  1.0391  2.9581  3.1209  2.8977  2.4192  2.1819  1.5934  1.5779  1.3866
 198  0.810255  3.7314  3.1702  1.0555  2.9242  3.0831  2.8592  2.3794  2.1417  1.5521  1.5365  1.3448
 199  0.810429  3.7310  3.1520  1.0719  2.8899  3.0448  2.8201  2.3392  2.1010  1.5105  1.4948  1.3026
 200  0.810600  3.7305  3.1334  1.0888  2.8545  3.0055  2.7801  2.2981  2.0594  1.4679  1.4522  1.2595
 201  0.810766  3.7301  3.1142  1.1063  2.8177  2.9646  2.7386  2.2553  2.0163  1.4237  1.4079  1.2148
 202  0.810925  3.7296  3.0941  1.1245  2.7797  2.9222  2.6954  2.2109  1.9714  1.3777  1.3619  1.1683
 203  0.811080  3.7290  3.0732  1.1432  2.7416  2.8793  2.6515  2.1655  1.9254  1.3304  1.3146  1.1204
 204  0.811230  3.7285  3.0523  1.1623  2.7007  2.8341  2.6057  2.1185  1.8781  1.2822  1.2662  1.0716
 205  0.811376  3.7280  3.0308  1.1819  2.6601  2.7887  2.5594  2.0709  1.8300  1.2329  1.2169  1.0217
 206  0.811517  3.7275  3.0089  1.2018  2.6185  2.7423  2.5122  2.0223  1.7809  1.1826  1.1666  0.9710
 207  0.811655  3.7269  2.9864  1.2220  2.5770  2.6956  2.4645  1.9731  1.7312  1.1316  1.1155  0.9192
 208  0.811789  3.7263  2.9636  1.2425  2.5350  2.6481  2.4161  1.9232  1.6807  1.0797  1.0635  0.8667
 209  0.811919  3.7257  2.9404  1.2633  2.4926  2.6002  2.3672  1.8726  1.6295  1.0270  1.0108  0.8134
 210  0.812045  3.7251  2.9168  1.2844  2.4499  2.5517  2.3177  1.8213  1.5776  0.9736  0.9574  0.7593
 211  0.812167  3.7244  2.8928  1.3058  2.4071  2.5028  2.2677  1.7695  1.5250  0.9195  0.9032  0.7045
 212  0.812285  3.7237  2.8685  1.3274  2.3641  2.4535  2.2173  1.7171  1.4720  0.8648  0.8484  0.6490
 213  0.812399  3.7230  2.8441  1.3492  2.3206  2.4036  2.1663  1.6641  1.4183  0.8094  0.7930  0.5930
 214  0.812510  3.7223  2.8193  1.3713  2.2771  2.3534  2.1150  1.6107  1.3641  0.7535  0.7370  0.5362
 215  0.812617  3.7216  2.7942  1.3935  2.2336  2.3030  2.0633  1.5568  1.3094  0.6969  0.6804  0.4789
 216  0.812720  3.7209  2.7688  1.4160  2.1900  2.2523  2.0113  1.5025  1.2542  0.6399  0.6233  0.4211
 217  0.812740  3.7208  2.7638  1.4205  2.1814  2.2423  2.0010  1.4918  1.2433  0.6286  0.6120  0.4096
 218  0.812760  3.7206  2.7588  1.4249  2.1727  2.2322  1.9907  1.4810  1.2324  0.6173  0.6007  0.3981
 219  0.812780  3.7205  2.7537  1.4294  2.1641  2.2222  1.9804  1.4701  1.2214  0.6059  0.5893  0.3866
 220  0.812799  3.7203  2.7486  1.4339  2.1554  2.2120  1.9699  1.4593  1.2103  0.5944  0.5778  0.3750
 221  0.812819  3.7202  2.7435  1.4384  2.1468  2.2019  1.9595  1.4484  1.1992  0.5829  0.5663  0.3633
 222  0.812838  3.7200  2.7383  1.4430  2.1381  2.1917  1.9491  1.4374  1.1881  0.5714  0.5547  0.3516
 223  0.812858  3.7198  2.7332  1.4476  2.1294  2.1815  1.9386  1.4264  1.1769  0.5598  0.5431  0.3398
 224  0.812877  3.7197  2.7279  1.4521  2.1209  2.1714  1.9281  1.4154  1.1656  0.5481  0.5314  0.3279
 225  0.812896  3.7195  2.7228  1.4567  2.1118  2.1609  1.9174  1.4042  1.1543  0.5365  0.5197  0.3161
 226  0.812915  3.7194  2.7176  1.4614  2.1030  2.1506  1.9068  1.3931  1.1430  0.5247  0.5080  0.3042
 227  0.813093  3.7177  2.6660  1.5064  2.0198  2.0512  1.8042  1.2849  1.0328  0.4100  0.3931  0.1876
 228  0.813259  3.7161  2.6136  1.5525  1.9341  1.9492  1.6991  1.1741  0.9200  0.2927  0.2757  0.0686
 229  0.813400  3.7148  2.5658  1.5950  1.8530  1.8540  1.6013  1.0717  0.8159  0.1849  0.1677 -0.0408
 230  0.813540  3.7131  2.5133  1.6408  1.7706  1.7542  1.4981  0.9623  0.7043  0.0685  0.0511 -0.1592
 231  0.813664  3.7114  2.4624  1.6849  1.6926  1.6585  1.3990  0.8572  0.5970 -0.0436 -0.0611 -0.2733
 232  0.813774  3.7097  2.4128  1.7278  1.6183  1.5663  1.3032  0.7553  0.4930 -0.1523 -0.1699 -0.3840
 233  0.813881  3.7078  2.3609  1.7724  1.5429  1.4712  1.2043  0.6496  0.3851 -0.2653 -0.2831 -0.4993
 234  0.813976  3.7060  2.3101  1.8158  1.4708  1.3791  1.1083  0.5469  0.2800 -0.3754 -0.3934 -0.6115
 235  0.814063  3.7041  2.2597  1.8588  1.4017  1.2891  1.0142  0.4458  0.1766 -0.4840 -0.5021 -0.7224
 236  0.814141  3.7023  2.2111  1.9000  1.3370  1.2035  0.9245  0.3491  0.0775 -0.5882 -0.6065 -0.8288
 237  0.814215  3.7003  2.1611  1.9423  1.2728  1.1169  0.8334  0.2505 -0.0237 -0.6949 -0.7134 -0.9378
 238  0.814282  3.6984  2.1122  1.9833  1.2129  1.0340  0.7459  0.1551 -0.1216 -0.7985 -0.8172 -1.0437
 239  0.814343  3.6965  2.0659  2.0221  1.1581  0.9565  0.6640  0.0655 -0.2139 -0.8962 -0.9151 -1.1439
 240  0.814401  3.6947  2.0226  2.0583  1.1087  0.8852  0.5883 -0.0179 -0.2998 -0.9876 -1.0067 -1.2375
 241  0.814454  3.6933  1.9905  2.0851  1.0727  0.8328  0.5325 -0.0794 -0.3633 -1.0552 -1.0744 -1.3068
 242  0.814506  3.6935  1.9895  2.0866  1.0665  0.8276  0.5276 -0.0838 -0.3675 -1.0590 -1.0783 -1.3104
 243  0.814561  3.6929  1.9729  2.1011  1.0439  0.7975  0.4961 -0.1177 -0.4023 -1.0955 -1.1148 -1.3476
 244  0.814614  3.6905  1.9204  2.1439  0.9943  0.7178  0.4102 -0.2145 -0.5028 -1.2038 -1.2233 -1.4589
 245  0.814663  3.6877  1.8632  2.1901  0.9455  0.6343  0.3193 -0.3179 -0.6105 -1.3204 -1.3401 -1.5788
 246  0.814707  3.6850  1.8071  2.2351  0.9018  0.5548  0.2323 -0.4178 -0.7149 -1.4337 -1.4538 -1.6955
 247  0.814746  3.6823  1.7536  2.2779  0.8630  0.4806  0.1506 -0.5121 -0.8136 -1.5413 -1.5617 -1.8063
 248  0.814782  3.6796  1.6999  2.3208  0.8272  0.4079  0.0702 -0.6058 -0.9118 -1.6488 -1.6694 -1.9171
 249  0.814814  3.6769  1.6482  2.3620  0.7952  0.3393 -0.0063 -0.6953 -1.0058 -1.7519 -1.7728 -2.0238
 250  0.814844  3.6743  1.5965  2.4031  0.7653  0.2719 -0.0817 -0.7840 -1.0991 -1.8546 -1.8757 -2.1301
 251  0.814871  3.6718  1.5467  2.4428  0.7379  0.2077 -0.1539 -0.8693 -1.1891 -1.9537 -1.9750 -2.2326
 252  0.814896  3.6692  1.4975  2.4820  0.7130  0.1456 -0.2242 -0.9528 -1.2771 -2.0509 -2.0724 -2.3335
 253  0.814919  3.6667  1.4494  2.5198  0.6938  0.0880 -0.2903 -1.0322 -1.3612 -2.1443 -2.1661 -2.4306
 254  0.814940  3.6642  1.4019  2.5573  0.6766  0.0320 -0.3549 -1.1102 -1.4439 -2.2364 -2.2585 -2.5265
 255  0.814959  3.6617  1.3555  2.5939  0.6612 -0.0220 -0.4175 -1.1862 -1.5247 -2.3263 -2.3487 -2.6200
 256  0.814976  3.6594  1.3106  2.6295  0.6473 -0.0739 -0.4779 -1.2597 -1.6027 -2.4132 -2.4360 -2.7105
 257  0.814992  3.6571  1.2663  2.6647  0.6344 -0.1247 -0.5373 -1.3320 -1.6796 -2.4990 -2.5221 -2.7998
 258  0.815007  3.6549  1.2228  2.6993  0.6228 -0.1740 -0.5951 -1.4026 -1.7549 -2.5831 -2.6066 -2.8873
 259  0.815021  3.6528  1.1808  2.7329  0.6116 -0.2218 -0.6511 -1.4710 -1.8278 -2.6646 -2.6884 -2.9722
 260  0.815034  3.6508  1.1396  2.7660  0.6013 -0.2683 -0.7058 -1.5381 -1.8992 -2.7447 -2.7687 -3.0555
 261  0.815046  3.6488  1.0996  2.7982  0.5917 -0.3132 -0.7588 -1.6031 -1.9687 -2.8225 -2.8469 -3.1367
 262  0.815057  3.6469  1.0602  2.8299  0.5828 -0.3570 -0.8106 -1.6669 -2.0369 -2.8991 -2.9237 -3.2164
 263  0.815067  3.6451  1.0220  2.8609  0.5746 -0.3992 -0.8608 -1.7288 -2.1032 -2.9737 -2.9985 -3.2941
 264  0.815077  3.6432  0.9842  2.8912  0.5694 -0.4387 -0.9085 -1.7887 -2.1675 -3.0465 -3.0716 -3.3701
 265  0.815086  3.6413  0.9467  2.9211  0.5670 -0.4759 -0.9543 -1.8469 -2.2303 -3.1181 -3.1433 -3.4449
 266  0.815094  3.6395  0.9104  2.9500  0.5656 -0.5111 -0.9980 -1.9028 -2.2908 -3.1872 -3.2127 -3.5172
 267  0.815102  3.6376  0.8744  2.9787  0.5651 -0.5452 -1.0408 -1.9579 -2.3505 -3.2558 -3.2814 -3.5889
 268  0.815109  3.6358  0.8392  3.0067  0.5651 -0.5779 -1.0820 -2.0112 -2.4085 -3.3224 -3.3482 -3.6587
 269  0.815116  3.6341  0.8050  3.0340  0.5655 -0.6091 -1.1216 -2.0628 -2.4647 -3.3872 -3.4131 -3.7267
 270  0.815123  3.6324  0.7712  3.0609  0.5664 -0.6393 -1.1602 -2.1133 -2.5199 -3.4510 -3.4770 -3.7937
 271  0.815129  3.6307  0.7381  3.0873  0.5679 -0.6681 -1.1974 -2.1624 -2.5735 -3.5132 -3.5394 -3.8591
 272  0.815134  3.6291  0.7059  3.1130  0.5695 -0.6956 -1.2331 -2.2097 -2.6255 -3.5737 -3.6000 -3.9228
 273  0.815140  3.6275  0.6742  3.1383  0.5717 -0.7220 -1.2676 -2.2559 -2.6763 -3.6330 -3.6595 -3.9853
 274  0.815145  3.6259  0.6432  3.1629  0.5743 -0.7469 -1.3007 -2.3005 -2.7255 -3.6907 -3.7174 -4.0462
 275  0.815150  3.6244  0.6128  3.1872  0.5768 -0.7710 -1.3327 -2.3440 -2.7735 -3.7472 -3.7740 -4.1059
 276  0.815154  3.6229  0.5834  3.2107  0.5793 -0.7940 -1.3635 -2.3858 -2.8199 -3.8018 -3.8289 -4.1637
 277  0.815159  3.6214  0.5547  3.2336  0.5821 -0.8158 -1.3929 -2.4261 -2.8646 -3.8548 -3.8821 -4.2198
 278  0.815163  3.6200  0.5270  3.2557  0.5847 -0.8365 -1.4210 -2.4648 -2.9076 -3.9059 -3.9334 -4.2740
 279  0.815167  3.6188  0.5018  3.2758  0.5878 -0.8544 -1.4456 -2.4994 -2.9462 -3.9520 -3.9798 -4.3230
