#EEP   M/Mo    LogTeff  LogG   LogL/Lo F435W   F475W   F502N   F550M   F555W   F606W   F625W   F658N   F660N   F775W   F814W   F850LP  
  10  0.114214  3.5321  5.2590 -2.6817 14.7912 13.9931 13.9825 12.6884 13.0587 12.4930 12.1538 11.5330 11.5760 11.0016 10.8390 10.4804
  11  0.132100  3.5393  5.2038 -2.5345 14.2789 13.5132 13.4754 12.2437 12.5998 12.0368 11.6961 11.1256 11.1720 10.6161 10.4612 10.1140
  12  0.154183  3.5475  5.1534 -2.3841 13.7513 13.0182 12.9544 11.7885 12.1294 11.5688 11.2270 10.7063 10.7561 10.2204 10.0738  9.7392
  13  0.179315  3.5565  5.1130 -2.2419 13.2432 12.5415 12.4537 11.3542 11.6798 11.1225 10.7808 10.3066 10.3597  9.8448  9.7067  9.3855
  14  0.199214  3.5625  5.0854 -2.1447 12.9039 12.2216 12.1188 11.0622 11.3781 10.8240 10.4829 10.0359 10.0910  9.5894  9.4566  9.1440
  15  0.215567  3.5665  5.0648 -2.0739 12.6651 11.9951 11.8825 10.8542 11.1638 10.6126 10.2722  9.8417  9.8981  9.4051  9.2756  8.9685
  16  0.229580  3.5695  5.0486 -2.0183 12.4801 11.8190 11.6990 10.6921 10.9970 10.4484 10.1087  9.6898  9.7472  9.2607  9.1337  8.8306
  17  0.240762  3.5717  5.0354 -1.9756 12.3396 11.6850 11.5592 10.5685 10.8698 10.3235  9.9845  9.5738  9.6318  9.1501  9.0249  8.7248
  18  0.249391  3.5734  5.0248 -1.9430 12.2332 11.5834 11.4534 10.4747 10.7734 10.2289  9.8905  9.4856  9.5440  9.0660  8.9420  8.6442
  19  0.255911  3.5746  5.0164 -1.9186 12.1546 11.5082 11.3750 10.4050 10.7019 10.1588  9.8208  9.4199  9.4787  9.0032  8.8801  8.5838
  20  0.260960  3.5754  5.0097 -1.9000 12.0953 11.4514 11.3159 10.3523 10.6478 10.1057  9.7681  9.3702  9.4292  8.9554  8.8331  8.5379
  21  0.264971  3.5761  5.0043 -1.8854 12.0489 11.4068 11.2695 10.3109 10.6054 10.0641  9.7267  9.3310  9.3901  8.9178  8.7959  8.5016
  22  0.268270  3.5766  4.9999 -1.8734 12.0109 11.3704 11.2316 10.2770 10.5706 10.0301  9.6929  9.2990  9.3582  8.8871  8.7656  8.4720
  23  0.271144  3.5771  4.9960 -1.8631 11.9786 11.3392 11.1992 10.2480 10.5409 10.0009  9.6640  9.2715  9.3309  8.8607  8.7395  8.4465
  24  0.273843  3.5775  4.9926 -1.8537 11.9488 11.3106 11.1694 10.2214 10.5136  9.9742  9.6375  9.2463  9.3058  8.8365  8.7157  8.4232
  25  0.276777  3.5780  4.9895 -1.8440 11.9179 11.2810 11.1386 10.1939 10.4854  9.9467  9.6102  9.2203  9.2799  8.8117  8.6912  8.3993
  26  0.280425  3.5786  4.9862 -1.8328 11.8820 11.2465 11.1027 10.1619 10.4526  9.9147  9.5785  9.1902  9.2500  8.7829  8.6629  8.3717
  27  0.285498  3.5793  4.9824 -1.8182 11.8344 11.2010 11.0552 10.1198 10.4094  9.8725  9.5367  9.1505  9.2105  8.7451  8.6256  8.3354
  28  0.293657  3.5806  4.9775 -1.7958 11.7603 11.1301 10.9812 10.0546 10.3423  9.8075  9.4723  9.0894  9.1498  8.6872  8.5686  8.2801
  29  0.361991  3.5971  4.9004 -1.5619 10.9503 10.3597 10.1714  9.3563  9.6214  9.1181  8.7948  8.4438  8.5082  8.0804  7.9722  7.7037
  30  0.376842  3.6021  4.8789 -1.5031 10.7385 10.1590  9.9607  9.1764  9.4353  8.9431  8.6242  8.2796  8.3449  7.9274  7.8220  7.5592
  31  0.388559  3.6065  4.8615 -1.4548 10.5617  9.9919  9.7855  9.0273  9.2808  8.7988  8.4839  8.1445  8.2103  7.8020  7.6990  7.4411
  32  0.400530  3.6114  4.8445 -1.4048 10.3745  9.8153  9.6005  8.8706  9.1184  8.6481  8.3379  8.0038  8.0700  7.6721  7.5716  7.3193
  33  0.412410  3.6170  4.8285 -1.3540 10.1789  9.6314  9.4083  8.7084  8.9500  8.4930  8.1884  7.8598  7.9263  7.5400  7.4424  7.1963
  34  0.423266  3.6226  4.8145 -1.3060  9.9903  9.4542  9.2238  8.5530  8.7885  8.3452  8.0465  7.7235  7.7899  7.4157  7.3211  7.0813
  35  0.433304  3.6284  4.8026 -1.2611  9.8113  9.2862  9.0492  8.4058  8.6354  8.2057  7.9127  7.5954  7.6613  7.2994  7.2075  6.9740
  36  0.442652  3.6340  4.7925 -1.2190  9.6404  9.1260  8.8833  8.2661  8.4901  8.0738  7.7868  7.4753  7.5402  7.1907  7.1016  6.8743
  37  0.451483  3.6396  4.7839 -1.1795  9.4742  8.9706  8.7226  8.1317  8.3498  7.9476  7.6669  7.3618  7.4253  7.0884  7.0022  6.7815
  38  0.459329  3.6449  4.7773 -1.1443  9.3221  8.8287  8.5758  8.0100  8.2224  7.8334  7.5589  7.2601  7.3220  6.9971  6.9136  6.6991
  39  0.466416  3.6500  4.7722 -1.1122  9.1807  8.6970  8.4397  7.8981  8.1047  7.7284  7.4600  7.1672  7.2275  6.9136  6.8325  6.6238
  40  0.473417  3.6553  4.7680 -1.0802  9.0381  8.5642  8.3022  7.7864  7.9865  7.6233  7.3614  7.0748  7.1334  6.8305  6.7519  6.5491
  41  0.481264  3.6614  4.7641 -1.0446  8.8785  8.4154  8.1477  7.6626  7.8545  7.5061  7.2520  6.9725  7.0291  6.7378  6.6620  6.4657
  42  0.491049  3.6691  4.7598 -1.0010  8.6843  8.2345  7.9609  7.5130  7.6943  7.3638  7.1196  6.8484  6.9029  6.6245  6.5519  6.3634
  43  0.503730  3.6787  4.7539 -0.9457  8.4459  8.0124  7.7352  7.3292  7.4968  7.1871  6.9550  6.6932  6.7454  6.4810  6.4120  6.2327
  44  0.518618  3.6898  4.7467 -0.8813  8.1773  7.7639  7.4880  7.1219  7.2751  6.9870  6.7680  6.5161  6.5656  6.3156  6.2508  6.0818
  45  0.534452  3.7014  4.7387 -0.8139  7.9012  7.5135  7.2484  6.9134  7.0530  6.7852  6.5790  6.3297  6.3824  6.1475  6.0866  5.9277
  46  0.550350  3.7124  4.7296 -0.7479  7.6483  7.2828  7.0271  6.7149  6.8449  6.5925  6.3960  6.1561  6.2058  5.9835  5.9265  5.7774
  47  0.565713  3.7226  4.7199 -0.6854  7.4148  7.0736  6.8315  6.5353  6.6575  6.4177  6.2294  5.9959  6.0443  5.8323  5.7784  5.6377
  48  0.580287  3.7319  4.7097 -0.6271  7.2025  6.8841  6.6552  6.3721  6.4880  6.2592  6.0780  5.8510  5.8983  5.6951  5.6441  5.5108
  49  0.593724  3.7400  4.6991 -0.5742  7.0156  6.7171  6.5001  6.2276  6.3384  6.1186  5.9435  5.7223  5.7682  5.5730  5.5243  5.3973
  50  0.605786  3.7469  4.6885 -0.5274  6.8545  6.5728  6.3661  6.1022  6.2088  5.9965  5.8264  5.6101  5.6547  5.4661  5.4195  5.2978
  51  0.616580  3.7527  4.6780 -0.4858  6.7154  6.4475  6.2492  5.9926  6.0959  5.8898  5.7238  5.5119  5.5552  5.3722  5.3272  5.2099
  52  0.621866  3.7555  4.6726 -0.4656  6.6488  6.3873  6.1930  5.9398  6.0415  5.8383  5.6742  5.4644  5.5071  5.3267  5.2825  5.1672
  53  0.627105  3.7582  4.6671 -0.4457  6.5836  6.3283  6.1380  5.8879  5.9882  5.7876  5.6254  5.4176  5.4598  5.2819  5.2384  5.1251
  54  0.632298  3.7608  4.6614 -0.4260  6.5199  6.2705  6.0841  5.8368  5.9358  5.7379  5.5774  5.3716  5.4133  5.2378  5.1950  5.0836
  55  0.637439  3.7633  4.6557 -0.4066  6.4576  6.2138  6.0312  5.7867  5.8843  5.6889  5.5302  5.3263  5.3675  5.1943  5.1522  5.0427
  56  0.642528  3.7658  4.6499 -0.3874  6.3966  6.1582  5.9790  5.7373  5.8336  5.6407  5.4837  5.2817  5.3224  5.1513  5.1099  5.0022
  57  0.647561  3.7682  4.6440 -0.3685  6.3369  6.1036  5.9278  5.6889  5.7839  5.5934  5.4380  5.2378  5.2780  5.1091  5.0684  4.9624
  58  0.652529  3.7706  4.6381 -0.3498  6.2784  6.0501  5.8777  5.6415  5.7352  5.5470  5.3932  5.1949  5.2346  5.0677  5.0277  4.9234
  59  0.657409  3.7729  4.6322 -0.3315  6.2212  5.9981  5.8295  5.5956  5.6882  5.5023  5.3501  5.1532  5.1927  5.0278  4.9884  4.8857
  60  0.662210  3.7751  4.6263 -0.3136  6.1653  5.9473  5.7824  5.5507  5.6422  5.4585  5.3079  5.1124  5.1517  4.9888  4.9499  4.8487
  61  0.666942  3.7772  4.6203 -0.2959  6.1108  5.8974  5.7359  5.5065  5.5969  5.4154  5.2663  5.0722  5.1112  4.9503  4.9119  4.8122
  62  0.671610  3.7794  4.6144 -0.2785  6.0575  5.8482  5.6894  5.4623  5.5517  5.3722  5.2245  5.0322  5.0706  4.9116  4.8739  4.7756
  63  0.676222  3.7814  4.6085 -0.2613  6.0055  5.7996  5.6428  5.4183  5.5067  5.3291  5.1827  4.9923  5.0300  4.8729  4.8358  4.7391
  64  0.680780  3.7835  4.6025 -0.2443  5.9544  5.7517  5.5968  5.3747  5.4621  5.2864  5.1413  4.9529  4.9898  4.8346  4.7980  4.7028
  65  0.685292  3.7855  4.5967 -0.2275  5.9040  5.7044  5.5514  5.3317  5.4182  5.2443  5.1005  4.9140  4.9502  4.7968  4.7608  4.6671
  66  0.689763  3.7875  4.5908 -0.2109  5.8542  5.6580  5.5071  5.2897  5.3752  5.2032  5.0607  4.8758  4.9115  4.7599  4.7243  4.6321
  67  0.694204  3.7895  4.5850 -0.1944  5.8049  5.6120  5.4634  5.2482  5.3328  5.1626  5.0214  4.8381  4.8733  4.7234  4.6884  4.5976
  68  0.698609  3.7914  4.5793 -0.1780  5.7560  5.5665  5.4201  5.2071  5.2908  5.1225  4.9826  4.8010  4.8357  4.6875  4.6530  4.5635
  69  0.702980  3.7934  4.5735 -0.1618  5.7074  5.5211  5.3770  5.1664  5.2490  5.0827  4.9442  4.7646  4.7987  4.6522  4.6182  4.5301
  70  0.707300  3.7953  4.5678 -0.1457  5.6590  5.4760  5.3341  5.1260  5.2076  5.0434  4.9064  4.7290  4.7623  4.6174  4.5840  4.4972
  71  0.711568  3.7972  4.5622 -0.1297  5.6112  5.4314  5.2915  5.0860  5.1666  5.0045  4.8690  4.6939  4.7263  4.5831  4.5502  4.4648
  72  0.715787  3.7991  4.5565 -0.1139  5.5641  5.3874  5.2494  5.0464  5.1261  4.9659  4.8319  4.6590  4.6906  4.5490  4.5167  4.4326
  73  0.719950  3.8010  4.5509 -0.0984  5.5181  5.3442  5.2081  5.0072  5.0860  4.9277  4.7949  4.6239  4.6549  4.5149  4.4831  4.4003
  74  0.724058  3.8028  4.5452 -0.0830  5.4731  5.3018  5.1674  4.9685  5.0465  4.8899  4.7583  4.5889  4.6193  4.4810  4.4497  4.3682
  75  0.728113  3.8046  4.5396 -0.0678  5.4288  5.2600  5.1273  4.9303  5.0076  4.8525  4.7221  4.5543  4.5842  4.4474  4.4165  4.3364
  76  0.732112  3.8063  4.5338 -0.0528  5.3855  5.2190  5.0879  4.8927  4.9692  4.8157  4.6864  4.5200  4.5494  4.4142  4.3838  4.3048
  77  0.736055  3.8079  4.5279 -0.0381  5.3430  5.1786  5.0491  4.8556  4.9314  4.7794  4.6512  4.4863  4.5153  4.3814  4.3515  4.2737
  78  0.739941  3.8095  4.5220 -0.0235  5.3013  5.1390  5.0109  4.8191  4.8943  4.7437  4.6165  4.4531  4.4816  4.3491  4.3196  4.2430
  79  0.743766  3.8110  4.5160 -0.0093  5.2605  5.1002  4.9734  4.7832  4.8578  4.7086  4.5824  4.4205  4.4485  4.3172  4.2881  4.2126
  80  0.747532  3.8125  4.5100  0.0048  5.2206  5.0621  4.9365  4.7480  4.8219  4.6740  4.5488  4.3883  4.4159  4.2859  4.2572  4.1827
  81  0.751241  3.8138  4.5039  0.0186  5.1814  5.0247  4.9004  4.7133  4.7866  4.6401  4.5158  4.3567  4.3838  4.2549  4.2266  4.1531
  82  0.755819  3.8155  4.4961  0.0355  5.1335  4.9788  4.8559  4.6707  4.7433  4.5982  4.4750  4.3176  4.3442  4.2167  4.1888  4.1164
  83  0.760356  3.8170  4.4882  0.0523  5.0862  4.9335  4.8119  4.6284  4.7003  4.5567  4.4346  4.2788  4.3048  4.1786  4.1512  4.0799
  84  0.764843  3.8185  4.4801  0.0690  5.0397  4.8888  4.7684  4.5865  4.6578  4.5156  4.3945  4.2403  4.2659  4.1409  4.1138  4.0436
  85  0.769267  3.8200  4.4720  0.0854  4.9938  4.8446  4.7254  4.5452  4.6158  4.4749  4.3548  4.2022  4.2273  4.1035  4.0768  4.0077
  86  0.773619  3.8214  4.4638  0.1016  4.9485  4.8009  4.6829  4.5042  4.5742  4.4347  4.3156  4.1645  4.1891  4.0664  4.0402  3.9720
  87  0.777897  3.8227  4.4556  0.1177  4.9039  4.7579  4.6408  4.4637  4.5332  4.3950  4.2768  4.1272  4.1513  4.0298  4.0039  3.9368
  88  0.782095  3.8241  4.4474  0.1335  4.8598  4.7153  4.5992  4.4237  4.4926  4.3556  4.2384  4.0904  4.1140  3.9935  3.9680  3.9019
  89  0.786212  3.8254  4.4392  0.1492  4.8163  4.6732  4.5581  4.3841  4.4525  4.3167  4.2004  4.0539  4.0771  3.9577  3.9325  3.8673
  90  0.790253  3.8267  4.4311  0.1647  4.7733  4.6316  4.5174  4.3449  4.4127  4.2783  4.1628  4.0178  4.0406  3.9222  3.8974  3.8331
  91  0.794214  3.8280  4.4231  0.1800  4.7307  4.5904  4.4771  4.3061  4.3734  4.2401  4.1256  3.9821  4.0044  3.8870  3.8626  3.7993
  92  0.798102  3.8293  4.4152  0.1953  4.6885  4.5496  4.4372  4.2677  4.3344  4.2023  4.0887  3.9466  3.9685  3.8522  3.8281  3.7657
  93  0.801921  3.8306  4.4074  0.2103  4.6466  4.5091  4.3976  4.2295  4.2957  4.1649  4.0522  3.9115  3.9330  3.8177  3.7940  3.7325
  94  0.805665  3.8318  4.3996  0.2253  4.6051  4.4689  4.3583  4.1917  4.2573  4.1277  4.0159  3.8768  3.8978  3.7836  3.7602  3.6996
  95  0.809350  3.8331  4.3919  0.2401  4.5640  4.4291  4.3194  4.1542  4.2193  4.0909  3.9800  3.8424  3.8629  3.7497  3.7267  3.6670
  96  0.812986  3.8344  4.3842  0.2548  4.5231  4.3895  4.2808  4.1169  4.1815  4.0543  3.9443  3.8082  3.8282  3.7161  3.6934  3.6347
  97  0.816585  3.8357  4.3765  0.2694  4.4824  4.3501  4.2423  4.0797  4.1438  4.0178  3.9087  3.7742  3.7937  3.6826  3.6603  3.6025
  98  0.820149  3.8369  4.3689  0.2840  4.4419  4.3108  4.2039  4.0428  4.1063  3.9815  3.8733  3.7404  3.7594  3.6493  3.6273  3.5704
  99  0.823683  3.8382  4.3613  0.2985  4.4015  4.2717  4.1657  4.0059  4.0690  3.9454  3.8381  3.7067  3.7252  3.6162  3.5945  3.5386
 100  0.827187  3.8395  4.3538  0.3129  4.3614  4.2328  4.1276  3.9692  4.0318  3.9094  3.8030  3.6733  3.6912  3.5833  3.5619  3.5069
 101  0.830658  3.8407  4.3463  0.3273  4.3214  4.1941  4.0897  3.9327  3.9948  3.8736  3.7681  3.6400  3.6574  3.5505  3.5296  3.4754
 102  0.834098  3.8420  4.3389  0.3415  4.2818  4.1556  4.0520  3.8965  3.9580  3.8381  3.7335  3.6071  3.6239  3.5181  3.4974  3.4442
 103  0.837498  3.8432  4.3316  0.3556  4.2425  4.1175  4.0147  3.8606  3.9216  3.8028  3.6992  3.5744  3.5907  3.4859  3.4656  3.4133
 104  0.840855  3.8444  4.3243  0.3695  4.2037  4.0798  3.9777  3.8251  3.8855  3.7680  3.6653  3.5422  3.5580  3.4542  3.4342  3.3828
 105  0.844164  3.8457  4.3171  0.3833  4.1653  4.0425  3.9412  3.7900  3.8500  3.7337  3.6319  3.5106  3.5258  3.4229  3.4033  3.3528
 106  0.847412  3.8468  4.3099  0.3968  4.1275  4.0059  3.9053  3.7556  3.8150  3.6999  3.5991  3.4796  3.4942  3.3922  3.3729  3.3233
 107  0.850590  3.8480  4.3028  0.4101  4.0904  3.9699  3.8700  3.7217  3.7807  3.6668  3.5669  3.4492  3.4632  3.3621  3.3431  3.2943
 108  0.853702  3.8491  4.2957  0.4232  4.0541  3.9346  3.8354  3.6885  3.7470  3.6343  3.5352  3.4194  3.4328  3.3325  3.3138  3.2658
 109  0.856735  3.8501  4.2887  0.4359  4.0184  3.9000  3.8015  3.6560  3.7140  3.6024  3.5042  3.3900  3.4030  3.3035  3.2851  3.2378
 110  0.859674  3.8512  4.2818  0.4485  3.9836  3.8661  3.7683  3.6241  3.6817  3.5712  3.4738  3.3613  3.3737  3.2750  3.2569  3.2103
 111  0.862510  3.8521  4.2749  0.4607  3.9496  3.8331  3.7359  3.5929  3.6501  3.5406  3.4440  3.3331  3.3450  3.2470  3.2292  3.1833
 112  0.863965  3.8527  4.2714  0.4671  3.9318  3.8158  3.7189  3.5766  3.6335  3.5246  3.4285  3.3184  3.3300  3.2325  3.2148  3.1693
 113  0.865423  3.8532  4.2679  0.4736  3.9138  3.7983  3.7018  3.5601  3.6168  3.5085  3.4128  3.3036  3.3149  3.2179  3.2003  3.1552
 114  0.866884  3.8538  4.2643  0.4801  3.8955  3.7806  3.6844  3.5435  3.5999  3.4922  3.3969  3.2886  3.2997  3.2030  3.1856  3.1409
 115  0.868347  3.8543  4.2606  0.4867  3.8771  3.7627  3.6669  3.5266  3.5829  3.4757  3.3808  3.2734  3.2842  3.1880  3.1708  3.1264
 116  0.869813  3.8549  4.2569  0.4934  3.8585  3.7446  3.6492  3.5096  3.5656  3.4590  3.3646  3.2579  3.2685  3.1728  3.1557  3.1117
 117  0.871278  3.8554  4.2530  0.5002  3.8397  3.7263  3.6312  3.4923  3.5481  3.4420  3.3481  3.2423  3.2526  3.1573  3.1403  3.0968
 118  0.872745  3.8560  4.2491  0.5070  3.8207  3.7078  3.6131  3.4748  3.5303  3.4249  3.3313  3.2263  3.2364  3.1416  3.1248  3.0816
 119  0.874211  3.8565  4.2450  0.5140  3.8015  3.6891  3.5947  3.4571  3.5124  3.4075  3.3144  3.2102  3.2200  3.1257  3.1090  3.0661
 120  0.875678  3.8570  4.2408  0.5210  3.7821  3.6702  3.5761  3.4391  3.4942  3.3899  3.2972  3.1937  3.2034  3.1095  3.0929  3.0505
 121  0.877144  3.8576  4.2365  0.5281  3.7626  3.6511  3.5574  3.4210  3.4759  3.3720  3.2797  3.1770  3.1864  3.0930  3.0766  3.0345
 122  0.878609  3.8581  4.2322  0.5353  3.7428  3.6318  3.5385  3.4026  3.4573  3.3539  3.2620  3.1598  3.1691  3.0763  3.0599  3.0181
 123  0.880073  3.8586  4.2277  0.5426  3.7229  3.6124  3.5194  3.3840  3.4385  3.3356  3.2441  3.1423  3.1516  3.0593  3.0431  3.0016
 124  0.881534  3.8591  4.2230  0.5499  3.7028  3.5927  3.5000  3.3652  3.4195  3.3171  3.2259  3.1247  3.1339  3.0421  3.0260  2.9848
 125  0.882993  3.8596  4.2183  0.5574  3.6825  3.5729  3.4805  3.3461  3.4003  3.2983  3.2076  3.1068  3.1159  3.0246  3.0086  2.9677
 126  0.884447  3.8601  4.2133  0.5649  3.6621  3.5528  3.4608  3.3269  3.3808  3.2794  3.1890  3.0886  3.0976  3.0069  2.9910  2.9504
 127  0.885897  3.8605  4.2083  0.5725  3.6414  3.5326  3.4408  3.3074  3.3612  3.2602  3.1701  3.0702  3.0792  2.9890  2.9732  2.9329
 128  0.887341  3.8610  4.2031  0.5802  3.6205  3.5121  3.4207  3.2878  3.3414  3.2408  3.1511  3.0516  3.0605  2.9708  2.9551  2.9150
 129  0.888778  3.8614  4.1977  0.5880  3.5995  3.4915  3.4004  3.2679  3.3213  3.2212  3.1318  3.0327  3.0416  2.9523  2.9367  2.8969
 130  0.890207  3.8618  4.1922  0.5958  3.5783  3.4707  3.3799  3.2478  3.3011  3.2013  3.1123  3.0136  3.0224  2.9336  2.9181  2.8786
 131  0.891628  3.8622  4.1865  0.6038  3.5570  3.4497  3.3592  3.2276  3.2806  3.1813  3.0925  2.9943  3.0030  2.9147  2.8992  2.8599
 132  0.893035  3.8625  4.1804  0.6118  3.5356  3.4286  3.3383  3.2071  3.2600  3.1610  3.0725  2.9746  2.9832  2.8953  2.8799  2.8408
 133  0.894431  3.8628  4.1741  0.6199  3.5141  3.4074  3.3173  3.1864  3.2392  3.1405  3.0522  2.9546  2.9632  2.8757  2.8603  2.8213
 134  0.895814  3.8630  4.1675  0.6281  3.4925  3.3860  3.2961  3.1655  3.2182  3.1198  3.0317  2.9344  2.9429  2.8557  2.8404  2.8015
 135  0.897183  3.8632  4.1607  0.6364  3.4708  3.3645  3.2747  3.1445  3.1970  3.0989  3.0110  2.9139  2.9223  2.8355  2.8202  2.7814
 136  0.898537  3.8633  4.1536  0.6447  3.4490  3.3429  3.2533  3.1232  3.1757  3.0777  2.9901  2.8931  2.9015  2.8149  2.7997  2.7609
 137  0.899875  3.8634  4.1462  0.6531  3.4271  3.3212  3.2317  3.1019  3.1543  3.0565  2.9689  2.8721  2.8805  2.7941  2.7788  2.7401
 138  0.901196  3.8635  4.1384  0.6616  3.4053  3.2995  3.2101  3.0803  3.1327  3.0350  2.9475  2.8508  2.8591  2.7729  2.7577  2.7189
 139  0.902497  3.8634  4.1304  0.6701  3.3835  3.2777  3.1883  3.0587  3.1110  3.0133  2.9259  2.8292  2.8375  2.7515  2.7362  2.6973
 140  0.903778  3.8633  4.1220  0.6787  3.3616  3.2559  3.1665  3.0368  3.0892  2.9915  2.9041  2.8073  2.8156  2.7296  2.7143  2.6754
 141  0.905040  3.8631  4.1132  0.6873  3.3399  3.2340  3.1446  3.0149  3.0673  2.9695  2.8820  2.7851  2.7934  2.7075  2.6921  2.6530
 142  0.906280  3.8629  4.1040  0.6960  3.3181  3.2122  3.1226  2.9929  3.0452  2.9474  2.8598  2.7626  2.7709  2.6850  2.6695  2.6302
 143  0.907499  3.8625  4.0945  0.7047  3.2965  3.1904  3.1007  2.9707  3.0232  2.9251  2.8373  2.7398  2.7482  2.6621  2.6465  2.6069
 144  0.908694  3.8620  4.0844  0.7135  3.2751  3.1687  3.0787  2.9485  3.0010  2.9026  2.8146  2.7166  2.7251  2.6388  2.6231  2.5832
 145  0.909866  3.8615  4.0739  0.7223  3.2538  3.1470  3.0568  2.9261  2.9788  2.8800  2.7917  2.6932  2.7017  2.6151  2.5993  2.5590
 146  0.911014  3.8608  4.0629  0.7312  3.2327  3.1255  3.0349  2.9037  2.9566  2.8573  2.7686  2.6694  2.6780  2.5911  2.5750  2.5343
 147  0.912136  3.8600  4.0513  0.7401  3.2119  3.1041  3.0131  2.8813  2.9344  2.8344  2.7452  2.6452  2.6539  2.5666  2.5503  2.5090
 148  0.913231  3.8591  4.0392  0.7490  3.1914  3.0829  2.9914  2.8588  2.9122  2.8115  2.7217  2.6206  2.6296  2.5417  2.5252  2.4832
 149  0.914301  3.8580  4.0265  0.7579  3.1712  3.0619  2.9698  2.8363  2.8900  2.7884  2.6980  2.5957  2.6049  2.5163  2.4995  2.4568
 150  0.915342  3.8568  4.0132  0.7669  3.1514  3.0412  2.9484  2.8138  2.8679  2.7653  2.6741  2.5703  2.5798  2.4905  2.4734  2.4299
 151  0.916356  3.8554  3.9992  0.7758  3.1320  3.0208  2.9273  2.7914  2.8460  2.7422  2.6500  2.5445  2.5545  2.4643  2.4469  2.4024
 152  0.917339  3.8538  3.9844  0.7848  3.1132  3.0007  2.9064  2.7691  2.8241  2.7191  2.6259  2.5183  2.5290  2.4377  2.4199  2.3743
 153  0.918293  3.8521  3.9690  0.7938  3.0949  2.9811  2.8859  2.7469  2.8025  2.6960  2.6017  2.4917  2.5032  2.4108  2.3925  2.3456
 154  0.919217  3.8502  3.9527  0.8027  3.0772  2.9620  2.8657  2.7249  2.7812  2.6729  2.5773  2.4648  2.4772  2.3834  2.3646  2.3163
 155  0.920109  3.8480  3.9357  0.8116  3.0604  2.9434  2.8459  2.7031  2.7601  2.6500  2.5530  2.4376  2.4509  2.3556  2.3362  2.2865
 156  0.920971  3.8457  3.9178  0.8204  3.0443  2.9255  2.8267  2.6815  2.7393  2.6272  2.5286  2.4100  2.4244  2.3274  2.3074  2.2560
 157  0.921801  3.8430  3.8989  0.8292  3.0293  2.9082  2.8080  2.6602  2.7190  2.6045  2.5042  2.3821  2.3977  2.2988  2.2781  2.2249
 158  0.922601  3.8402  3.8792  0.8379  3.0152  2.8918  2.7899  2.6393  2.6991  2.5821  2.4798  2.3540  2.3708  2.2699  2.2484  2.1931
 159  0.923370  3.8371  3.8586  0.8466  3.0022  2.8761  2.7724  2.6187  2.6796  2.5599  2.4555  2.3259  2.3439  2.2406  2.2184  2.1609
 160  0.924113  3.8338  3.8371  0.8552  2.9903  2.8613  2.7555  2.5984  2.6606  2.5378  2.4313  2.2977  2.3172  2.2111  2.1880  2.1281
 161  0.924829  3.8302  3.8147  0.8636  2.9796  2.8473  2.7394  2.5786  2.6421  2.5162  2.4072  2.2694  2.2905  2.1813  2.1572  2.0948
 162  0.925266  3.8279  3.8002  0.8689  2.9735  2.8390  2.7297  2.5664  2.6308  2.5027  2.3922  2.2515  2.2736  2.1624  2.1376  2.0736
 163  0.925700  3.8254  3.7850  0.8742  2.9681  2.8312  2.7202  2.5543  2.6196  2.4893  2.3770  2.2333  2.2565  2.1432  2.1178  2.0519
 164  0.926129  3.8227  3.7692  0.8795  2.9634  2.8238  2.7111  2.5423  2.6087  2.4759  2.3619  2.2150  2.2392  2.1238  2.0977  2.0299
 165  0.926555  3.8198  3.7527  0.8847  2.9596  2.8171  2.7024  2.5305  2.5981  2.4626  2.3467  2.1965  2.2218  2.1041  2.0772  2.0074
 166  0.926977  3.8168  3.7357  0.8899  2.9565  2.8109  2.6942  2.5191  2.5878  2.4497  2.3317  2.1783  2.2046  2.0843  2.0566  1.9846
 167  0.927398  3.8135  3.7178  0.8949  2.9550  2.8059  2.6869  2.5082  2.5782  2.4370  2.3168  2.1598  2.1873  2.0642  2.0356  1.9613
 168  0.927818  3.8100  3.6991  0.8998  2.9557  2.8024  2.6806  2.4976  2.5692  2.4245  2.3017  2.1403  2.1694  2.0434  2.0138  1.9370
 169  0.928240  3.8063  3.6797  0.9044  2.9584  2.8003  2.6754  2.4878  2.5611  2.4126  2.2872  2.1212  2.1520  2.0227  1.9921  1.9126
 170  0.928667  3.8023  3.6595  0.9088  2.9624  2.7995  2.6714  2.4793  2.5543  2.4021  2.2740  2.1039  2.1361  2.0031  1.9715  1.8890
 171  0.929099  3.7978  3.6383  0.9124  2.9702  2.8017  2.6699  2.4730  2.5498  2.3936  2.2625  2.0884  2.1218  1.9847  1.9518  1.8661
 172  0.929539  3.7930  3.6165  0.9153  2.9821  2.8073  2.6714  2.4691  2.5480  2.3872  2.2530  2.0745  2.1095  1.9676  1.9334  1.8442
 173  0.929984  3.7879  3.5949  0.9166  2.9998  2.8188  2.6794  2.4708  2.5519  2.3865  2.2490  2.0647  2.1020  1.9553  1.9196  1.8265
 174  0.930431  3.7826  3.5738  0.9168  3.0217  2.8340  2.6907  2.4757  2.5591  2.3888  2.2481  2.0585  2.0978  1.9459  1.9087  1.8114
 175  0.930874  3.7774  3.5542  0.9155  3.0494  2.8530  2.7039  2.4825  2.5684  2.3930  2.2485  2.0545  2.0953  1.9381  1.8994  1.7983
 176  0.931306  3.7723  3.5357  0.9141  3.0807  2.8730  2.7154  2.4877  2.5763  2.3951  2.2465  2.0480  2.0895  1.9279  1.8879  1.7835
 177  0.931733  3.7677  3.5181  0.9133  3.1073  2.8901  2.7262  2.4927  2.5836  2.3974  2.2455  2.0431  2.0855  1.9195  1.8783  1.7705
 178  0.932151  3.7634  3.5008  0.9136  3.1292  2.9040  2.7350  2.4961  2.5892  2.3988  2.2440  2.0381  2.0816  1.9114  1.8689  1.7579
 179  0.932602  3.7593  3.4823  0.9161  3.1454  2.9121  2.7380  2.4940  2.5891  2.3947  2.2371  2.0280  2.0725  1.8981  1.8544  1.7403
 180  0.933017  3.7561  3.4649  0.9208  3.1517  2.9119  2.7336  2.4857  2.5824  2.3847  2.2250  2.0134  2.0586  1.8809  1.8363  1.7198
 181  0.933367  3.7536  3.4479  0.9280  3.1484  2.9034  2.7218  2.4709  2.5688  2.3686  2.2071  1.9936  2.0393  1.8591  1.8138  1.6953
 182  0.933731  3.7514  3.4292  0.9379  3.1367  2.8870  2.7025  2.4488  2.5478  2.3454  2.1824  1.9672  2.0133  1.8309  1.7849  1.6647
 183  0.934086  3.7494  3.4100  0.9495  3.1192  2.8655  2.6784  2.4224  2.5223  2.3179  2.1536  1.9369  1.9835  1.7991  1.7525  1.6308
 184  0.934433  3.7478  3.3907  0.9625  3.0963  2.8391  2.6500  2.3920  2.4927  2.2867  2.1213  1.9034  1.9503  1.7642  1.7172  1.5942
 185  0.934774  3.7463  3.3716  0.9755  3.0733  2.8128  2.6216  2.3617  2.4632  2.2556  2.0892  1.8702  1.9173  1.7297  1.6822  1.5579
 186  0.935110  3.7449  3.3523  0.9897  3.0457  2.7825  2.5895  2.3282  2.4303  2.2214  2.0541  1.8342  1.8815  1.6925  1.6446  1.5193
 187  0.935442  3.7437  3.3331  1.0041  3.0172  2.7514  2.5568  2.2940  2.3967  2.1866  2.0186  1.7978  1.8453  1.6551  1.6068  1.4805
 188  0.935770  3.7426  3.3139  1.0190  2.9867  2.7185  2.5225  2.2584  2.3616  2.1505  1.9817  1.7601  1.8078  1.6164  1.5678  1.4406
 189  0.936095  3.7416  3.2946  1.0343  2.9545  2.6842  2.4868  2.2216  2.3253  2.1131  1.9437  1.7214  1.7693  1.5769  1.5279  1.3999
 190  0.936418  3.7406  3.2754  1.0498  2.9219  2.6496  2.4509  2.1845  2.2887  2.0755  1.9055  1.6825  1.7305  1.5371  1.4879  1.3591
 191  0.936737  3.7397  3.2560  1.0657  2.8880  2.6136  2.4138  2.1463  2.2509  2.0368  1.8662  1.6426  1.6907  1.4964  1.4468  1.3173
 192  0.937054  3.7388  3.2366  1.0819  2.8529  2.5767  2.3757  2.1072  2.2122  1.9973  1.8260  1.6018  1.6501  1.4549  1.4051  1.2748
 193  0.937369  3.7380  3.2171  1.0982  2.8175  2.5395  2.3374  2.0678  2.1733  1.9575  1.7856  1.5607  1.6092  1.4131  1.3630  1.2321
 194  0.937681  3.7372  3.1975  1.1148  2.7810  2.5013  2.2982  2.0276  2.1335  1.9168  1.7444  1.5189  1.5675  1.3706  1.3202  1.1886
 195  0.937990  3.7365  3.1777  1.1317  2.7438  2.4624  2.2583  1.9867  2.0930  1.8755  1.7025  1.4764  1.5252  1.3275  1.2769  1.1446
 196  0.938298  3.7357  3.1579  1.1487  2.7061  2.4232  2.2181  1.9455  2.0521  1.8338  1.6604  1.4336  1.4825  1.2840  1.2332  1.1004
 197  0.938600  3.7350  3.1376  1.1662  2.6673  2.3827  2.1766  1.9031  2.0101  1.7909  1.6170  1.3896  1.4387  1.2394  1.1883  1.0549
 198  0.938895  3.7343  3.1168  1.1843  2.6269  2.3407  2.1337  1.8592  1.9666  1.7466  1.5721  1.3442  1.3934  1.1934  1.1420  1.0080
 199  0.939183  3.7336  3.0954  1.2029  2.5853  2.2975  2.0895  1.8140  1.9217  1.7010  1.5260  1.2974  1.3468  1.1459  1.0944  0.9597
 200  0.939460  3.7328  3.0732  1.2222  2.5420  2.2525  2.0437  1.7671  1.8752  1.6536  1.4781  1.2489  1.2985  1.0968  1.0450  0.9097
 201  0.939731  3.7321  3.0507  1.2419  2.4979  2.2067  1.9969  1.7193  1.8278  1.6054  1.4293  1.1996  1.2493  1.0467  0.9947  0.8588
 202  0.939995  3.7313  3.0277  1.2621  2.4525  2.1597  1.9489  1.6703  1.7792  1.5560  1.3794  1.1491  1.1989  0.9956  0.9433  0.8067
 203  0.940252  3.7306  3.0043  1.2826  2.4064  2.1119  1.9001  1.6205  1.7298  1.5057  1.3286  1.0978  1.1477  0.9435  0.8909  0.7537
 204  0.940502  3.7298  2.9802  1.3035  2.3599  2.0635  1.8507  1.5699  1.6797  1.4547  1.2770  1.0457  1.0957  0.8905  0.8377  0.6998
 205  0.940746  3.7289  2.9557  1.3248  2.3127  2.0143  1.8004  1.5185  1.6287  1.4028  1.2245  0.9926  1.0427  0.8366  0.7835  0.6449
 206  0.940983  3.7280  2.9307  1.3463  2.2648  1.9644  1.7493  1.4664  1.5770  1.3502  1.1712  0.9389  0.9891  0.7820  0.7286  0.5892
 207  0.941214  3.7272  2.9055  1.3682  2.2162  1.9138  1.6976  1.4135  1.5246  1.2969  1.1174  0.8844  0.9347  0.7267  0.6730  0.5329
 208  0.941437  3.7263  2.8799  1.3904  2.1669  1.8625  1.6452  1.3600  1.4715  1.2428  1.0627  0.8293  0.8796  0.6706  0.6166  0.4757
 209  0.941654  3.7254  2.8538  1.4128  2.1172  1.8107  1.5921  1.3058  1.4177  1.1881  1.0074  0.7734  0.8237  0.6138  0.5595  0.4178
 210  0.941866  3.7244  2.8274  1.4355  2.0672  1.7585  1.5387  1.2512  1.3636  1.1330  0.9517  0.7171  0.7674  0.5564  0.5018  0.3594
 211  0.942069  3.7234  2.8007  1.4585  2.0166  1.7056  1.4845  1.1959  1.3087  1.0772  0.8952  0.6601  0.7104  0.4984  0.4435  0.3002
 212  0.942267  3.7225  2.7737  1.4817  1.9655  1.6523  1.4299  1.1401  1.2534  1.0209  0.8383  0.6025  0.6529  0.4399  0.3847  0.2405
 213  0.942458  3.7215  2.7462  1.5052  1.9142  1.5987  1.3748  1.0839  1.1977  0.9641  0.7808  0.5445  0.5948  0.3808  0.3252  0.1801
 214  0.942642  3.7204  2.7186  1.5289  1.8626  1.5446  1.3193  1.0271  1.1415  0.9068  0.7228  0.4859  0.5362  0.3211  0.2651  0.1191
 215  0.942820  3.7194  2.6906  1.5527  1.8107  1.4902  1.2634  0.9700  1.0849  0.8490  0.6643  0.4268  0.4771  0.2609  0.2045  0.0576
 216  0.942992  3.7183  2.6624  1.5768  1.7586  1.4355  1.2072  0.9124  1.0278  0.7908  0.6054  0.3672  0.4176  0.2002  0.1435 -0.0044
 217  0.943023  3.7181  2.6572  1.5812  1.7491  1.4255  1.1968  0.9018  1.0173  0.7801  0.5945  0.3561  0.4065  0.1889  0.1321 -0.0159
 218  0.943054  3.7179  2.6519  1.5857  1.7394  1.4153  1.1863  0.8910  1.0067  0.7692  0.5835  0.3450  0.3954  0.1776  0.1207 -0.0275
 219  0.943085  3.7177  2.6466  1.5902  1.7298  1.4052  1.1759  0.8804  0.9961  0.7584  0.5725  0.3339  0.3843  0.1663  0.1094 -0.0390
 220  0.943116  3.7175  2.6413  1.5947  1.7201  1.3949  1.1654  0.8696  0.9854  0.7475  0.5615  0.3227  0.3731  0.1549  0.0979 -0.0507
 221  0.943147  3.7173  2.6360  1.5992  1.7103  1.3847  1.1548  0.8587  0.9747  0.7365  0.5503  0.3115  0.3619  0.1434  0.0863 -0.0624
 222  0.943177  3.7171  2.6306  1.6038  1.7006  1.3744  1.1442  0.8478  0.9639  0.7255  0.5392  0.3002  0.3506  0.1319  0.0748 -0.0742
 223  0.943208  3.7169  2.6252  1.6084  1.6907  1.3640  1.1335  0.8369  0.9531  0.7144  0.5280  0.2888  0.3393  0.1203  0.0631 -0.0860
 224  0.943238  3.7167  2.6198  1.6130  1.6808  1.3536  1.1228  0.8258  0.9422  0.7033  0.5166  0.2774  0.3278  0.1086  0.0513 -0.0980
 225  0.943268  3.7165  2.6143  1.6176  1.6709  1.3431  1.1120  0.8148  0.9312  0.6921  0.5053  0.2659  0.3163  0.0969  0.0395 -0.1099
 226  0.943298  3.7163  2.6089  1.6223  1.6609  1.3326  1.1012  0.8036  0.9202  0.6808  0.4939  0.2543  0.3048  0.0851  0.0277 -0.1220
 227  0.943554  3.7144  2.5600  1.6636  1.5733  1.2397  1.0053  0.7051  0.8227  0.5810  0.3925  0.1518  0.2023 -0.0195 -0.0776 -0.2290
 228  0.943791  3.7125  2.5112  1.7049  1.4863  1.1473  0.9099  0.6068  0.7257  0.4815  0.2915  0.0496  0.1000 -0.1240 -0.1828 -0.3358
 229  0.944009  3.7104  2.4624  1.7457  1.4019  1.0572  0.8167  0.5105  0.6306  0.3838  0.1922 -0.0511 -0.0007 -0.2271 -0.2866 -0.4413
 230  0.944222  3.7082  2.4106  1.7886  1.3135  0.9629  0.7193  0.4096  0.5310  0.2814  0.0881 -0.1567 -0.1061 -0.3353 -0.3956 -0.5524
 231  0.944406  3.7061  2.3623  1.8285  1.2312  0.8758  0.6302  0.3169  0.4396  0.1874 -0.0075 -0.2539 -0.2028 -0.4350 -0.4961 -0.6550
 232  0.944573  3.7039  2.3150  1.8674  1.1509  0.7913  0.5442  0.2272  0.3512  0.0964 -0.0999 -0.3482 -0.2962 -0.5317 -0.5937 -0.7548
 233  0.944735  3.7017  2.2657  1.9078  1.0680  0.7040  0.4552  0.1344  0.2596  0.0022 -0.1957 -0.4458 -0.3930 -0.6319 -0.6948 -0.8584
 234  0.944883  3.6995  2.2175  1.9471  0.9886  0.6198  0.3690  0.0445  0.1710 -0.0891 -0.2886 -0.5406 -0.4871 -0.7291 -0.7930 -0.9589
 235  0.945023  3.6972  2.1685  1.9870  0.9108  0.5350  0.2802 -0.0477  0.0802 -0.1830 -0.3844 -0.6380 -0.5844 -0.8291 -0.8939 -1.0620
 236  0.945145  3.6950  2.1230  2.0239  0.8408  0.4573  0.1979 -0.1330 -0.0037 -0.2701 -0.4734 -0.7286 -0.6751 -0.9220 -0.9876 -1.1577
 237  0.945266  3.6927  2.0757  2.0621  0.7694  0.3774  0.1130 -0.2211 -0.0905 -0.3602 -0.5656 -0.8225 -0.7691 -1.0183 -1.0847 -1.2568
 238  0.945372  3.6907  2.0332  2.0964  0.7059  0.3061  0.0372 -0.3000 -0.1681 -0.4409 -0.6483 -0.9066 -0.8534 -1.1046 -1.1719 -1.3458
 239  0.945473  3.6888  1.9946  2.1276  0.6479  0.2416 -0.0308 -0.3710 -0.2379 -0.5134 -0.7225 -0.9822 -0.9291 -1.1824 -1.2504 -1.4261
 240  0.945567  3.6875  1.9682  2.1489  0.6079  0.1975 -0.0770 -0.4195 -0.2855 -0.5629 -0.7731 -1.0336 -0.9807 -1.2355 -1.3041 -1.4810
 241  0.945663  3.6877  1.9691  2.1489  0.6059  0.1962 -0.0780 -0.4202 -0.2863 -0.5634 -0.7735 -1.0338 -0.9809 -1.2355 -1.3039 -1.4807
 242  0.945764  3.6883  1.9752  2.1453  0.6089  0.2010 -0.0723 -0.4134 -0.2800 -0.5562 -0.7658 -1.0258 -0.9727 -1.2267 -1.2949 -1.4710
 243  0.945869  3.6854  1.9189  2.1898  0.5290  0.1114 -0.1667 -0.5131 -0.3776 -0.6583 -0.8704 -1.1322 -1.0795 -1.3371 -1.4065 -1.5856
 244  0.945963  3.6825  1.8648  2.2326  0.4526  0.0255 -0.2570 -0.6086 -0.4711 -0.7560 -0.9707 -1.2338 -1.1819 -1.4431 -1.5137 -1.6955
 245  0.946046  3.6799  1.8134  2.2732  0.3812 -0.0551 -0.3419 -0.6987 -0.5593 -0.8484 -1.0656 -1.3299 -1.2787 -1.5434 -1.6151 -1.7995
 246  0.946125  3.6772  1.7622  2.3137  0.3116 -0.1344 -0.4257 -0.7878 -0.6464 -0.9399 -1.1596 -1.4253 -1.3749 -1.6431 -1.7159 -1.9031
 247  0.946198  3.6745  1.7112  2.3540  0.2431 -0.2127 -0.5085 -0.8762 -0.7327 -1.0307 -1.2530 -1.5201 -1.4705 -1.7422 -1.8161 -2.0061
 248  0.946263  3.6719  1.6622  2.3926  0.1785 -0.2869 -0.5870 -0.9601 -0.8146 -1.1171 -1.3420 -1.6103 -1.5617 -1.8367 -1.9118 -2.1045
 249  0.946322  3.6694  1.6151  2.4298  0.1167 -0.3580 -0.6623 -1.0407 -0.8932 -1.2001 -1.4275 -1.6970 -1.6492 -1.9276 -2.0038 -2.1992
 250  0.946378  3.6669  1.5681  2.4669  0.0559 -0.4282 -0.7366 -1.1205 -0.9710 -1.2823 -1.5122 -1.7829 -1.7361 -2.0178 -2.0952 -2.2932
 251  0.946429  3.6644  1.5220  2.5032 -0.0028 -0.4963 -0.8088 -1.1981 -1.0466 -1.3623 -1.5948 -1.8667 -1.8209 -2.1059 -2.1844 -2.3852
 252  0.946476  3.6620  1.4766  2.5387 -0.0588 -0.5618 -0.8785 -1.2732 -1.1197 -1.4400 -1.6750 -1.9481 -1.9033 -2.1917 -2.2714 -2.4749
 253  0.946519  3.6595  1.4320  2.5734 -0.1119 -0.6246 -0.9454 -1.3458 -1.1902 -1.5152 -1.7528 -2.0271 -1.9833 -2.2753 -2.3561 -2.5624
 254  0.946558  3.6570  1.3888  2.6068 -0.1621 -0.6843 -1.0092 -1.4152 -1.2574 -1.5872 -1.8273 -2.1029 -2.0601 -2.3555 -2.4375 -2.6466
 255  0.946595  3.6545  1.3450  2.6406 -0.2115 -0.7434 -1.0726 -1.4845 -1.3245 -1.6592 -1.9020 -2.1788 -2.1371 -2.4362 -2.5194 -2.7313
 256  0.946630  3.6521  1.3028  2.6731 -0.2579 -0.7996 -1.1328 -1.5505 -1.3883 -1.7279 -1.9734 -2.2514 -2.2109 -2.5135 -2.5980 -2.8127
 257  0.946661  3.6497  1.2615  2.7049 -0.3025 -0.8537 -1.1909 -1.6145 -1.4501 -1.7946 -2.0427 -2.3221 -2.2826 -2.5888 -2.6745 -2.8921
 258  0.946691  3.6473  1.2204  2.7364 -0.3454 -0.9062 -1.2474 -1.6771 -1.5104 -1.8600 -2.1107 -2.3915 -2.3531 -2.6630 -2.7500 -2.9705
 259  0.946718  3.6450  1.1807  2.7667 -0.3856 -0.9559 -1.3010 -1.7367 -1.5677 -1.9224 -2.1757 -2.4580 -2.4206 -2.7342 -2.8224 -3.0458
 260  0.946744  3.6426  1.1413  2.7967 -0.4245 -1.0043 -1.3532 -1.7951 -1.6237 -1.9836 -2.2396 -2.5233 -2.4870 -2.8044 -2.8939 -3.1202
 261  0.946768  3.6402  1.1022  2.8263 -0.4614 -1.0508 -1.4037 -1.8520 -1.6781 -2.0434 -2.3021 -2.5873 -2.5520 -2.8733 -2.9641 -3.1935
 262  0.946790  3.6380  1.0645  2.8549 -0.4962 -1.0950 -1.4518 -1.9063 -1.7300 -2.1006 -2.3620 -2.6486 -2.6143 -2.9396 -3.0316 -3.2639
 263  0.946812  3.6357  1.0267  2.8835 -0.5300 -1.1384 -1.4990 -1.9601 -1.7813 -2.1573 -2.4215 -2.7097 -2.6763 -3.0055 -3.0989 -3.3342
 264  0.946831  3.6334  0.9902  2.9110 -0.5611 -1.1791 -1.5435 -2.0111 -1.8298 -2.2113 -2.4782 -2.7680 -2.7355 -3.0688 -3.1635 -3.4018
 265  0.946850  3.6311  0.9537  2.9381 -0.5898 -1.2175 -1.5858 -2.0603 -1.8763 -2.2636 -2.5333 -2.8249 -2.7933 -3.1308 -3.2268 -3.4681
 266  0.946868  3.6288  0.9177  2.9649 -0.6171 -1.2546 -1.6267 -2.1082 -1.9215 -2.3146 -2.5872 -2.8805 -2.8498 -3.1915 -3.2889 -3.5333
 267  0.946884  3.6265  0.8826  2.9910 -0.6429 -1.2899 -1.6657 -2.1543 -1.9649 -2.3639 -2.6392 -2.9345 -2.9045 -3.2505 -3.3492 -3.5967
 268  0.946899  3.6243  0.8483  3.0165 -0.6673 -1.3237 -1.7030 -2.1987 -2.0067 -2.4114 -2.6896 -2.9867 -2.9575 -3.3078 -3.4078 -3.6582
 269  0.946914  3.6221  0.8144  3.0415 -0.6907 -1.3563 -1.7389 -2.2420 -2.0472 -2.4579 -2.7388 -3.0378 -3.0093 -3.3639 -3.4653 -3.7187
 270  0.946928  3.6199  0.7810  3.0663 -0.7130 -1.3879 -1.7736 -2.2842 -2.0867 -2.5033 -2.7870 -3.0880 -3.0601 -3.4192 -3.5219 -3.7783
 271  0.946941  3.6178  0.7481  3.0906 -0.7343 -1.4183 -1.8070 -2.3253 -2.1251 -2.5476 -2.8340 -3.1370 -3.1097 -3.4733 -3.5774 -3.8368
 272  0.946953  3.6157  0.7161  3.1143 -0.7542 -1.4470 -1.8384 -2.3647 -2.1617 -2.5902 -2.8793 -3.1843 -3.1575 -3.5257 -3.6311 -3.8935
 273  0.946965  3.6137  0.6850  3.1374 -0.7726 -1.4741 -1.8681 -2.4024 -2.1966 -2.6311 -2.9229 -3.2299 -3.2036 -3.5765 -3.6832 -3.9485
 274  0.946976  3.6117  0.6541  3.1602 -0.7901 -1.5004 -1.8967 -2.4394 -2.2308 -2.6713 -2.9658 -3.2749 -3.2490 -3.6266 -3.7346 -4.0029
 275  0.946986  3.6097  0.6241  3.1824 -0.8063 -1.5251 -1.9235 -2.4747 -2.2633 -2.7099 -3.0071 -3.3183 -3.2927 -3.6751 -3.7844 -4.0557
 276  0.946996  3.6078  0.5948  3.2042 -0.8215 -1.5486 -1.9490 -2.5088 -2.2946 -2.7472 -3.0471 -3.3604 -3.3353 -3.7223 -3.8329 -4.1071
 277  0.947006  3.6060  0.5662  3.2253 -0.8358 -1.5711 -1.9732 -2.5417 -2.3247 -2.7833 -3.0858 -3.4012 -3.3764 -3.7682 -3.8801 -4.1571
 278  0.947015  3.6042  0.5388  3.2457 -0.8492 -1.5924 -1.9960 -2.5731 -2.3535 -2.8179 -3.1229 -3.4404 -3.4159 -3.8123 -3.9255 -4.2053
 279  0.947024  3.6026  0.5136  3.2646 -0.8622 -1.6126 -2.0174 -2.6024 -2.3804 -2.8501 -3.1573 -3.4767 -3.4526 -3.8533 -3.9676 -4.2499