#EEP   M/Mo    LogTeff  LogG   LogL/Lo F435W   F475W   F502N   F550M   F555W   F606W   F625W   F658N   F660N   F775W   F814W   F850LP  
  10  0.103715  3.5429  5.2753 -2.6965 14.6477 13.8586 13.8296 12.5652 12.9210 12.3426 11.9950 11.4461 11.5036 10.9874 10.8434 10.5157
  11  0.119452  3.5554  5.2319 -2.5417 14.0359 13.3028 13.2298 12.0801 12.4113 11.8393 11.4916 11.0139 11.0773 10.5815 10.4475 10.1345
  12  0.136065  3.5664  5.1914 -2.4006 13.4966 12.8082 12.6991 11.6487 11.9594 11.3971 11.0518 10.6244 10.6919 10.2131 10.0870  9.7861
  13  0.151928  3.5743  5.1580 -2.2880 13.0872 12.4277 12.2942 11.3130 11.6097 11.0586 10.7172 10.3175 10.3872  9.9206  9.7997  9.5071
  14  0.166783  3.5798  5.1306 -2.1979 12.7740 12.1335 11.9830 11.0503 11.3374 10.7964 10.4588 10.0749 10.1460  9.6881  9.5705  9.2837
  15  0.180509  3.5841  5.1077 -2.1237 12.5219 11.8954 11.7316 10.8362 11.1161 10.5841 10.2499  9.8762  9.9483  9.4973  9.3821  9.0997
  16  0.193091  3.5875  5.0887 -2.0615 12.3128 11.6974 11.5229 10.6576 10.9316 10.4077 10.0767  9.7101  9.7831  9.3376  9.2244  8.9455
  17  0.204541  3.5904  5.0730 -2.0091 12.1373 11.5308 11.3476 10.5072 10.7764 10.2596  9.9314  9.5701  9.6437  9.2031  9.0914  8.8155
  18  0.215691  3.5930  5.0598 -1.9627 11.9833 11.3844 11.1939 10.3748 10.6398 10.1294  9.8038  9.4466  9.5207  9.0843  8.9739  8.7005
  19  0.226325  3.5952  5.0481 -1.9213 11.8466 11.2543 11.0575 10.2570 10.5181 10.0135  9.6904  9.3366  9.4110  8.9783  8.8690  8.5978
  20  0.235953  3.5972  5.0377 -1.8848 11.7262 11.1396 10.9374 10.1531 10.4110  9.9117  9.5907  9.2397  9.3145  8.8850  8.7768  8.5075
  21  0.244871  3.5990  5.0279 -1.8515 11.6155 11.0342 10.8270 10.0578 10.3126  9.8182  9.4994  9.1508  9.2259  8.7996  8.6922  8.4248
  22  0.253055  3.6008  5.0188 -1.8210 11.5134 10.9371 10.7253  9.9702 10.2221  9.7326  9.4158  9.0694  9.1447  8.7215  8.6150  8.3493
  23  0.260208  3.6023  5.0113 -1.7953 11.4278 10.8555 10.6400  9.8965 10.1460  9.6606  9.3456  9.0010  9.0764  8.6558  8.5500  8.2859
  24  0.266489  3.6036  5.0050 -1.7736 11.3551 10.7862 10.5677  9.8339 10.0814  9.5994  9.2859  8.9428  9.0184  8.6001  8.4949  8.2321
  25  0.272086  3.6048  4.9996 -1.7545 11.2910 10.7251 10.5039  9.7787 10.0244  9.5456  9.2335  8.8917  8.9674  8.5511  8.4465  8.1849
  26  0.277325  3.6059  4.9946 -1.7367 11.2308 10.6678 10.4442  9.7270  9.9710  9.4953  9.1844  8.8438  8.9196  8.5054  8.4013  8.1409
  27  0.282600  3.6070  4.9894 -1.7187 11.1695 10.6095 10.3833  9.6745  9.9167  9.4442  9.1347  8.7953  8.8712  8.4591  8.3556  8.0964
  28  0.288365  3.6084  4.9836 -1.6988 11.1010 10.5443 10.3154  9.6159  9.8561  9.3872  9.0793  8.7414  8.8173  8.4077  8.3048  8.0470
  29  0.295137  3.6101  4.9762 -1.6744 11.0170 10.4643 10.2321  9.5441  9.7818  9.3176  9.0117  8.6755  8.7515  8.3450  8.2430  7.9870
  30  0.304085  3.6127  4.9653 -1.6402 10.8971 10.3505 10.1134  9.4423  9.6763  9.2190  8.9161  8.5824  8.6585  8.2568  8.1560  7.9027
  31  0.320001  3.6180  4.9433 -1.5747 10.6645 10.1295  9.8838  9.2451  9.4719  9.0285  8.7319  8.4034  8.4792  8.0876  7.9894  7.7418
  32  0.339492  3.6262  4.9144 -1.4874 10.3460  9.8274  9.5708  8.9771  9.1935  8.7708  8.4836  8.1630  8.2380  7.8622  7.7678  7.5289
  33  0.355076  3.6340  4.8928 -1.4153 10.0738  9.5700  9.3050  8.7504  8.9574  8.5539  8.2757  7.9628  8.0364  7.6758  7.5851  7.3545
  34  0.365700  3.6402  4.8788 -1.3636  9.8727  9.3804  9.1103  8.5845  8.7843  8.3960  8.1250  7.8184  7.8903  7.5422  7.4545  7.2307
  35  0.375001  3.6463  4.8672 -1.3167  9.6856  9.2045  8.9305  8.4314  8.6243  8.2507  7.9869  7.6871  7.7570  7.4212  7.3364  7.1194
  36  0.384347  3.6529  4.8565 -1.2689  9.4907  9.0218  8.7450  8.2735  8.4589  8.1012  7.8453  7.5533  7.6208  7.2980  7.2163  7.0067
  37  0.394717  3.6605  4.8458 -1.2161  9.2741  8.8199  8.5412  8.1005  8.2767  7.9365  7.6899  7.4067  7.4713  7.1622  7.0840  6.8824
  38  0.406963  3.6698  4.8345 -1.1545  9.0229  8.5866  8.3091  7.9006  8.0663  7.7455  7.5096  7.2366  7.2978  7.0038  6.9295  6.7376
  39  0.420566  3.6810  4.8246 -1.0855  8.7394  8.3260  8.0529  7.6794  7.8325  7.5336  7.3101  7.0486  7.1058  6.8288  6.7589  6.5778
  40  0.433669  3.6922  4.8165 -1.0192  8.4698  8.0808  7.8174  7.4712  7.6131  7.3336  7.1216  6.8703  6.9246  6.6633  6.5977  6.4273
  41  0.445363  3.7019  4.8090 -0.9614  8.2433  7.8767  7.6251  7.2974  7.4307  7.1652  6.9619  6.7125  6.7689  6.5209  6.4587  6.2969
  42  0.455407  3.7097  4.8019 -0.9132  8.0607  7.7132  7.4715  7.1567  7.2840  7.0288  6.8319  6.5883  6.6431  6.4041  6.3444  6.1894
  43  0.463839  3.7162  4.7956 -0.8732  7.9121  7.5807  7.3485  7.0425  7.1654  6.9180  6.7260  6.4869  6.5406  6.3086  6.2510  6.1013
  44  0.471886  3.7222  4.7894 -0.8354  7.7738  7.4575  7.2343  6.9361  7.0552  6.8149  6.6274  6.3922  6.4449  6.2197  6.1639  6.0191
  45  0.480689  3.7287  4.7825 -0.7946  7.6279  7.3274  7.1137  6.8236  6.9388  6.7058  6.5229  6.2921  6.3438  6.1253  6.0715  5.9318
  46  0.490849  3.7358  4.7740 -0.7484  7.4654  7.1822  6.9789  6.6978  6.8088  6.5837  6.4061  6.1803  6.2307  6.0200  5.9683  5.8342
  47  0.502389  3.7437  4.7634 -0.6964  7.2875  7.0222  6.8300  6.5585  6.6652  6.4488  6.2767  6.0566  6.1052  5.9030  5.8537  5.7256
  48  0.514304  3.7514  4.7509 -0.6429  7.1103  6.8620  6.6811  6.4182  6.5208  6.3124  6.1456  5.9309  5.9781  5.7838  5.7366  5.6142
  49  0.525243  3.7582  4.7386 -0.5941  6.9524  6.7184  6.5471  6.2916  6.3907  6.1893  6.0271  5.8172  5.8631  5.6757  5.6305  5.5131
  50  0.534842  3.7640  4.7273 -0.5516  6.8176  6.5949  6.4312  6.1821  6.2783  6.0827  5.9244  5.7187  5.7634  5.5819  5.5383  5.4252
  51  0.543191  3.7690  4.7174 -0.5150  6.7030  6.4893  6.3315  6.0882  6.1819  5.9912  5.8363  5.6340  5.6776  5.5013  5.4591  5.3497
  52  0.547794  3.7718  4.7120 -0.4949  6.6406  6.4317  6.2770  6.0369  6.1293  5.9413  5.7882  5.5879  5.6310  5.4574  5.4160  5.3085
  53  0.552352  3.7746  4.7068 -0.4751  6.5792  6.3751  6.2234  5.9864  6.0776  5.8924  5.7411  5.5429  5.5854  5.4144  5.3737  5.2683
  54  0.556864  3.7773  4.7018 -0.4556  6.5188  6.3193  6.1706  5.9367  6.0266  5.8441  5.6948  5.4987  5.5406  5.3722  5.3323  5.2288
  55  0.561333  3.7800  4.6968 -0.4363  6.4594  6.2641  6.1182  5.8876  5.9762  5.7965  5.6490  5.4553  5.4963  5.3307  5.2915  5.1900
  56  0.565772  3.7827  4.6920 -0.4172  6.4007  6.2097  6.0663  5.8391  5.9263  5.7493  5.6037  5.4124  5.4526  5.2897  5.2513  5.1518
  57  0.570175  3.7854  4.6873 -0.3983  6.3430  6.1560  6.0152  5.7911  5.8771  5.7028  5.5590  5.3701  5.4094  5.2492  5.2116  5.1140
  58  0.574546  3.7881  4.6826 -0.3797  6.2864  6.1032  5.9649  5.7438  5.8286  5.6568  5.5148  5.3281  5.3667  5.2090  5.1721  5.0765
  59  0.578888  3.7907  4.6779 -0.3612  6.2307  6.0512  5.9153  5.6971  5.7807  5.6114  5.4712  5.2865  5.3245  5.1692  5.1331  5.0393
  60  0.583192  3.7933  4.6731 -0.3429  6.1760  6.0000  5.8664  5.6510  5.7335  5.5665  5.4279  5.2453  5.2827  5.1298  5.0943  5.0024
  61  0.587464  3.7958  4.6683 -0.3248  6.1225  5.9496  5.8182  5.6054  5.6868  5.5221  5.3852  5.2045  5.2413  5.0906  5.0558  4.9657
  62  0.591690  3.7983  4.6634 -0.3070  6.0698  5.9001  5.7706  5.5605  5.6409  5.4784  5.3430  5.1644  5.2006  5.0521  5.0179  4.9295
  63  0.595875  3.8006  4.6583 -0.2893  6.0176  5.8510  5.7237  5.5163  5.5956  5.4355  5.3018  5.1256  5.1609  5.0145  4.9810  4.8942
  64  0.600003  3.8029  4.6530 -0.2720  5.9661  5.8027  5.6775  5.4728  5.5510  5.3933  5.2614  5.0879  5.1221  4.9778  4.9449  4.8598
  65  0.604068  3.8051  4.6475 -0.2549  5.9157  5.7553  5.6322  5.4301  5.5073  5.3519  5.2216  5.0507  5.0839  4.9415  4.9093  4.8259
  66  0.608066  3.8071  4.6419 -0.2381  5.8669  5.7090  5.5877  5.3880  5.4642  5.3109  5.1821  5.0134  5.0459  4.9054  4.8738  4.7919
  67  0.611994  3.8091  4.6363 -0.2217  5.8195  5.6639  5.5441  5.3466  5.4220  5.2705  5.1430  4.9761  5.0078  4.8693  4.8382  4.7578
  68  0.615857  3.8110  4.6305 -0.2055  5.7732  5.6198  5.5014  5.3058  5.3804  5.2307  5.1044  4.9392  4.9703  4.8335  4.8030  4.7240
  69  0.619658  3.8129  4.6247 -0.1896  5.7280  5.5765  5.4594  5.2656  5.3396  5.1914  5.0663  4.9027  4.9333  4.7982  4.7682  4.6905
  70  0.623401  3.8147  4.6188 -0.1739  5.6834  5.5338  5.4181  5.2262  5.2994  5.1529  5.0289  4.8671  4.8971  4.7634  4.7339  4.6576
  71  0.627084  3.8164  4.6129 -0.1585  5.6397  5.4919  5.3774  5.1873  5.2598  5.1149  4.9921  4.8320  4.8615  4.7292  4.7002  4.6251
  72  0.630714  3.8181  4.6070 -0.1434  5.5968  5.4507  5.3372  5.1490  5.2209  5.0774  4.9558  4.7974  4.8264  4.6954  4.6669  4.5930
  73  0.634298  3.8197  4.6010 -0.1284  5.5544  5.4100  5.2976  5.1112  5.1824  5.0405  4.9199  4.7632  4.7917  4.6620  4.6339  4.5613
  74  0.637833  3.8214  4.5951 -0.1136  5.5126  5.3698  5.2585  5.0738  5.1443  5.0039  4.8845  4.7294  4.7574  4.6290  4.6014  4.5299
  75  0.641325  3.8229  4.5891 -0.0990  5.4713  5.3301  5.2197  5.0369  5.1068  4.9678  4.8494  4.6960  4.7235  4.5964  4.5692  4.4989
  76  0.644778  3.8245  4.5832 -0.0845  5.4304  5.2908  5.1814  5.0003  5.0695  4.9320  4.8147  4.6629  4.6899  4.5641  4.5373  4.4682
  77  0.648192  3.8260  4.5773 -0.0702  5.3900  5.2518  5.1434  4.9641  5.0327  4.8966  4.7803  4.6302  4.6566  4.5321  4.5058  4.4378
  78  0.651570  3.8276  4.5715 -0.0560  5.3499  5.2133  5.1059  4.9281  4.9962  4.8615  4.7463  4.5980  4.6237  4.5005  4.4747  4.4078
  79  0.654882  3.8290  4.5657 -0.0420  5.3105  5.1753  5.0690  4.8927  4.9602  4.8269  4.7128  4.5661  4.5913  4.4694  4.4439  4.3782
  80  0.658133  3.8305  4.5598 -0.0282  5.2718  5.1379  5.0327  4.8578  4.9247  4.7928  4.6797  4.5347  4.5592  4.4386  4.4135  4.3489
  81  0.661335  3.8319  4.5539 -0.0146  5.2335  5.1010  4.9967  4.8233  4.8897  4.7591  4.6469  4.5036  4.5275  4.4081  4.3834  4.3199
  82  0.666070  3.8340  4.5452  0.0056  5.1768  5.0462  4.9432  4.7720  4.8376  4.7089  4.5982  4.4573  4.4805  4.3626  4.3386  4.2766
  83  0.670806  3.8361  4.5364  0.0258  5.1200  4.9912  4.8894  4.7206  4.7853  4.6586  4.5493  4.4109  4.4334  4.3170  4.2936  4.2331
  84  0.675550  3.8382  4.5276  0.0461  5.0629  4.9361  4.8353  4.6690  4.7329  4.6081  4.5003  4.3645  4.3862  4.2713  4.2485  4.1896
  85  0.680306  3.8403  4.5189  0.0665  5.0056  4.8806  4.7811  4.6171  4.6802  4.5574  4.4511  4.3179  4.3387  4.2256  4.2034  4.1461
  86  0.685074  3.8425  4.5104  0.0869  4.9480  4.8249  4.7266  4.5651  4.6273  4.5066  4.4017  4.2712  4.2911  4.1799  4.1583  4.1027
  87  0.689849  3.8448  4.5020  0.1074  4.8902  4.7690  4.6720  4.5128  4.5743  4.4556  4.3523  4.2245  4.2434  4.1343  4.1133  4.0594
  88  0.694628  3.8471  4.4938  0.1278  4.8322  4.7129  4.6172  4.4605  4.5211  4.4046  4.3029  4.1780  4.1960  4.0888  4.0685  4.0163
  89  0.699402  3.8495  4.4858  0.1482  4.7742  4.6567  4.5624  4.4082  4.4679  4.3536  4.2536  4.1318  4.1487  4.0434  4.0238  3.9735
  90  0.704183  3.8520  4.4782  0.1687  4.7159  4.6004  4.5075  4.3558  4.4146  4.3025  4.2043  4.0858  4.1015  3.9983  3.9793  3.9308
  91  0.708967  3.8545  4.4708  0.1892  4.6574  4.5438  4.4524  4.3033  4.3611  4.2515  4.1550  4.0399  4.0544  3.9532  3.9350  3.8884
  92  0.713710  3.8571  4.4637  0.2095  4.5991  4.4876  4.3975  4.2511  4.3080  4.2007  4.1061  3.9944  4.0077  3.9086  3.8911  3.8464
  93  0.718373  3.8597  4.4569  0.2296  4.5416  4.4319  4.3432  4.1994  4.2555  4.1505  4.0576  3.9493  3.9616  3.8644  3.8476  3.8048
  94  0.722929  3.8623  4.4503  0.2494  4.4848  4.3771  4.2897  4.1486  4.2037  4.1010  4.0100  3.9050  3.9163  3.8211  3.8050  3.7640
  95  0.727360  3.8649  4.4439  0.2689  4.4290  4.3232  4.2371  4.0987  4.1529  4.0525  3.9633  3.8618  3.8720  3.7788  3.7634  3.7242
  96  0.731651  3.8675  4.4377  0.2879  4.3742  4.2703  4.1856  4.0499  4.1031  4.0052  3.9177  3.8199  3.8291  3.7377  3.7230  3.6856
  97  0.735793  3.8701  4.4317  0.3066  4.3203  4.2184  4.1350  4.0022  4.0545  3.9590  3.8735  3.7799  3.7877  3.6981  3.6841  3.6485
  98  0.739786  3.8726  4.4260  0.3248  4.2674  4.1675  4.0854  3.9558  4.0071  3.9142  3.8308  3.7420  3.7484  3.6603  3.6470  3.6133
  99  0.743628  3.8751  4.4204  0.3426  4.2156  4.1177  4.0370  3.9105  3.9608  3.8706  3.7892  3.7052  3.7102  3.6236  3.6110  3.5792
 100  0.747321  3.8775  4.4150  0.3599  4.1650  4.0691  3.9896  3.8662  3.9155  3.8279  3.7486  3.6693  3.6728  3.5877  3.5758  3.5459
 101  0.750873  3.8799  4.4098  0.3769  4.1157  4.0217  3.9434  3.8230  3.8713  3.7861  3.7088  3.6339  3.6361  3.5526  3.5414  3.5132
 102  0.754314  3.8824  4.4048  0.3936  4.0677  3.9753  3.8982  3.7802  3.8277  3.7447  3.6691  3.5978  3.5988  3.5173  3.5067  3.4801
 103  0.757661  3.8848  4.4000  0.4099  4.0207  3.9298  3.8538  3.7380  3.7847  3.7037  3.6296  3.5612  3.5613  3.4820  3.4719  3.4469
 104  0.760922  3.8872  4.3955  0.4261  3.9744  3.8850  3.8102  3.6964  3.7424  3.6633  3.5908  3.5251  3.5242  3.4472  3.4377  3.4143
 105  0.764103  3.8897  4.3912  0.4420  3.9289  3.8409  3.7672  3.6554  3.7007  3.6235  3.5525  3.4895  3.4877  3.4131  3.4041  3.3822
 106  0.767212  3.8921  4.3869  0.4577  3.8841  3.7975  3.7249  3.6152  3.6598  3.5844  3.5150  3.4548  3.4521  3.3797  3.3713  3.3509
 107  0.770251  3.8945  4.3827  0.4732  3.8396  3.7547  3.6832  3.5759  3.6197  3.5465  3.4788  3.4221  3.4182  3.3479  3.3400  3.3212
 108  0.773219  3.8968  4.3784  0.4884  3.7959  3.7125  3.6422  3.5373  3.5803  3.5092  3.4433  3.3902  3.3851  3.3168  3.3094  3.2921
 109  0.776116  3.8991  4.3741  0.5034  3.7529  3.6711  3.6020  3.4995  3.5416  3.4727  3.4085  3.3591  3.3527  3.2863  3.2795  3.2636
 110  0.778928  3.9013  4.3697  0.5182  3.7107  3.6305  3.5625  3.4623  3.5037  3.4368  3.3743  3.3284  3.3210  3.2564  3.2501  3.2356
 111  0.781645  3.9034  4.3651  0.5327  3.6693  3.5907  3.5237  3.4259  3.4665  3.4016  3.3407  3.2982  3.2897  3.2269  3.2211  3.2079
 112  0.782860  3.9043  4.3631  0.5393  3.6506  3.5726  3.5061  3.4094  3.4496  3.3856  3.3254  3.2844  3.2755  3.2135  3.2079  3.1952
 113  0.784071  3.9053  4.3611  0.5460  3.6316  3.5544  3.4884  3.3927  3.4325  3.3695  3.3101  3.2706  3.2613  3.2001  3.1946  3.1826
 114  0.785279  3.9064  4.3592  0.5527  3.6124  3.5359  3.4704  3.3759  3.4154  3.3532  3.2946  3.2567  3.2469  3.1866  3.1814  3.1699
 115  0.786484  3.9074  4.3572  0.5595  3.5931  3.5173  3.4523  3.3590  3.3980  3.3368  3.2790  3.2426  3.2325  3.1730  3.1680  3.1571
 116  0.787685  3.9084  4.3551  0.5664  3.5736  3.4985  3.4340  3.3418  3.3805  3.3202  3.2632  3.2283  3.2178  3.1592  3.1544  3.1441
 117  0.788881  3.9095  4.3529  0.5733  3.5539  3.4795  3.4156  3.3245  3.3628  3.3034  3.2472  3.2139  3.2030  3.1452  3.1406  3.1308
 118  0.790072  3.9105  4.3505  0.5804  3.5340  3.4603  3.3969  3.3069  3.3448  3.2864  3.2310  3.1991  3.1878  3.1309  3.1265  3.1173
 119  0.791257  3.9115  4.3480  0.5875  3.5139  3.4410  3.3780  3.2891  3.3266  3.2692  3.2145  3.1841  3.1724  3.1164  3.1122  3.1035
 120  0.792438  3.9124  4.3453  0.5947  3.4937  3.4214  3.3589  3.2711  3.3082  3.2517  3.1977  3.1688  3.1568  3.1016  3.0976  3.0894
 121  0.793613  3.9134  4.3425  0.6020  3.4733  3.4017  3.3396  3.2528  3.2896  3.2340  3.1808  3.1533  3.1409  3.0866  3.0827  3.0751
 122  0.794783  3.9143  4.3395  0.6093  3.4527  3.3818  3.3202  3.2344  3.2709  3.2161  3.1636  3.1375  3.1247  3.0713  3.0677  3.0605
 123  0.795949  3.9152  4.3364  0.6168  3.4320  3.3617  3.3006  3.2158  3.2519  3.1980  3.1462  3.1215  3.1084  3.0558  3.0524  3.0457
 124  0.797108  3.9161  4.3331  0.6243  3.4111  3.3415  3.2809  3.1970  3.2328  3.1797  3.1287  3.1052  3.0917  3.0401  3.0368  3.0306
 125  0.798263  3.9170  4.3297  0.6319  3.3901  3.3211  3.2610  3.1781  3.2135  3.1612  3.1109  3.0887  3.0750  3.0242  3.0211  3.0153
 126  0.799413  3.9179  4.3261  0.6396  3.3690  3.3006  3.2409  3.1590  3.1941  3.1426  3.0930  3.0720  3.0579  3.0081  3.0051  2.9998
 127  0.800556  3.9187  4.3224  0.6473  3.3477  3.2800  3.2208  3.1397  3.1745  3.1238  3.0749  3.0551  3.0407  2.9917  2.9889  2.9840
 128  0.801692  3.9196  4.3185  0.6552  3.3263  3.2592  3.2004  3.1203  3.1547  3.1049  3.0566  3.0379  3.0232  2.9751  2.9724  2.9679
 129  0.802819  3.9204  4.3144  0.6631  3.3047  3.2383  3.1800  3.1007  3.1348  3.0858  3.0381  3.0205  3.0055  2.9583  2.9557  2.9516
 130  0.803938  3.9212  4.3101  0.6711  3.2830  3.2172  3.1594  3.0810  3.1148  3.0664  3.0194  3.0028  2.9876  2.9412  2.9388  2.9350
 131  0.805049  3.9219  4.3057  0.6792  3.2611  3.1959  3.1386  3.0611  3.0946  3.0469  3.0005  2.9849  2.9695  2.9239  2.9216  2.9181
 132  0.806148  3.9226  4.3008  0.6874  3.2391  3.1745  3.1176  3.0409  3.0741  3.0271  2.9813  2.9665  2.9509  2.9061  2.9038  2.9007
 133  0.807236  3.9233  4.2957  0.6957  3.2168  3.1528  3.0964  3.0205  3.0534  3.0070  2.9617  2.9477  2.9319  2.8879  2.8857  2.8828
 134  0.808314  3.9238  4.2902  0.7041  3.1944  3.1309  3.0750  2.9998  3.0324  2.9867  2.9419  2.9285  2.9126  2.8693  2.8672  2.8644
 135  0.809383  3.9244  4.2846  0.7126  3.1718  3.1089  3.0533  2.9789  3.0113  2.9661  2.9218  2.9091  2.8930  2.8504  2.8483  2.8458
 136  0.810441  3.9249  4.2786  0.7211  3.1491  3.0867  3.0315  2.9578  2.9899  2.9452  2.9014  2.8892  2.8730  2.8311  2.8291  2.8266
 137  0.811487  3.9254  4.2723  0.7298  3.1261  3.0642  3.0095  2.9364  2.9682  2.9241  2.8807  2.8690  2.8527  2.8114  2.8094  2.8070
 138  0.812522  3.9258  4.2657  0.7386  3.1029  3.0415  2.9871  2.9147  2.9463  2.9026  2.8597  2.8483  2.8319  2.7913  2.7893  2.7869
 139  0.813545  3.9261  4.2588  0.7475  3.0796  3.0186  2.9646  2.8927  2.9241  2.8808  2.8382  2.8272  2.8107  2.7707  2.7687  2.7664
 140  0.814554  3.9264  4.2515  0.7564  3.0560  2.9954  2.9418  2.8704  2.9015  2.8586  2.8164  2.8057  2.7891  2.7496  2.7476  2.7452
 141  0.815549  3.9266  4.2438  0.7655  3.0323  2.9720  2.9187  2.8477  2.8787  2.8361  2.7942  2.7836  2.7670  2.7280  2.7259  2.7235
 142  0.816528  3.9267  4.2357  0.7746  3.0084  2.9484  2.8953  2.8247  2.8555  2.8132  2.7715  2.7610  2.7444  2.7058  2.7037  2.7012
 143  0.817492  3.9268  4.2271  0.7839  2.9842  2.9245  2.8716  2.8013  2.8320  2.7898  2.7483  2.7379  2.7213  2.6831  2.6809  2.6782
 144  0.818439  3.9267  4.2181  0.7932  2.9599  2.9004  2.8476  2.7775  2.8081  2.7661  2.7247  2.7142  2.6976  2.6597  2.6574  2.6546
 145  0.819367  3.9266  4.2086  0.8026  2.9355  2.8760  2.8234  2.7533  2.7839  2.7419  2.7006  2.6899  2.6733  2.6357  2.6333  2.6302
 146  0.820277  3.9263  4.1985  0.8121  2.9108  2.8514  2.7988  2.7287  2.7593  2.7173  2.6759  2.6650  2.6485  2.6111  2.6086  2.6051
 147  0.821166  3.9259  4.1879  0.8217  2.8861  2.8266  2.7740  2.7038  2.7344  2.6923  2.6508  2.6394  2.6230  2.5857  2.5831  2.5793
 148  0.822035  3.9254  4.1766  0.8313  2.8613  2.8017  2.7489  2.6785  2.7091  2.6668  2.6252  2.6133  2.5970  2.5597  2.5569  2.5526
 149  0.822881  3.9248  4.1647  0.8410  2.8364  2.7765  2.7236  2.6528  2.6836  2.6409  2.5990  2.5864  2.5703  2.5329  2.5299  2.5252
 150  0.823704  3.9240  4.1521  0.8508  2.8115  2.7513  2.6982  2.6268  2.6578  2.6147  2.5724  2.5590  2.5431  2.5054  2.5022  2.4969
 151  0.824503  3.9230  4.1388  0.8606  2.7867  2.7261  2.6727  2.6006  2.6318  2.5882  2.5454  2.5309  2.5152  2.4772  2.4738  2.4677
 152  0.825277  3.9218  4.1247  0.8705  2.7621  2.7010  2.6471  2.5743  2.6057  2.5614  2.5180  2.5022  2.4868  2.4483  2.4445  2.4376
 153  0.826025  3.9205  4.1098  0.8804  2.7378  2.6760  2.6217  2.5478  2.5796  2.5343  2.4902  2.4728  2.4578  2.4186  2.4145  2.4067
 154  0.826746  3.9189  4.0939  0.8903  2.7139  2.6513  2.5965  2.5213  2.5535  2.5072  2.4622  2.4428  2.4282  2.3882  2.3837  2.3749
 155  0.827440  3.9171  4.0772  0.9002  2.6905  2.6270  2.5715  2.4949  2.5276  2.4800  2.4338  2.4122  2.3981  2.3571  2.3521  2.3421
 156  0.828105  3.9150  4.0594  0.9101  2.6679  2.6033  2.5470  2.4687  2.5019  2.4527  2.4053  2.3809  2.3675  2.3252  2.3198  2.3084
 157  0.828742  3.9127  4.0406  0.9200  2.6460  2.5801  2.5229  2.4425  2.4764  2.4254  2.3764  2.3489  2.3362  2.2924  2.2865  2.2738
 158  0.829349  3.9101  4.0206  0.9298  2.6249  2.5574  2.4990  2.4162  2.4509  2.3978  2.3471  2.3161  2.3042  2.2588  2.2523  2.2380
 159  0.829926  3.9072  3.9995  0.9396  2.6046  2.5353  2.4755  2.3899  2.4256  2.3701  2.3174  2.2824  2.2715  2.2243  2.2171  2.2011
 160  0.830474  3.9039  3.9771  0.9493  2.5851  2.5137  2.4524  2.3637  2.4005  2.3424  2.2874  2.2479  2.2382  2.1889  2.1810  2.1631
 161  0.830992  3.9003  3.9534  0.9589  2.5666  2.4930  2.4300  2.3379  2.3758  2.3149  2.2575  2.2130  2.2047  2.1529  2.1442  2.1241
 162  0.831366  3.8974  3.9348  0.9660  2.5534  2.4780  2.4136  2.3188  2.3577  2.2943  2.2350  2.1864  2.1794  2.1255  2.1161  2.0943
 163  0.831733  3.8942  3.9147  0.9733  2.5409  2.4634  2.3975  2.2996  2.3396  2.2735  2.2118  2.1587  2.1531  2.0967  2.0867  2.0628
 164  0.832094  3.8906  3.8930  0.9807  2.5291  2.4492  2.3816  2.2803  2.3214  2.2523  2.1882  2.1299  2.1258  2.0668  2.0559  2.0299
 165  0.832448  3.8865  3.8695  0.9883  2.5183  2.4357  2.3662  2.2610  2.3034  2.2308  2.1639  2.0999  2.0976  2.0355  2.0237  1.9952
 166  0.832795  3.8821  3.8443  0.9960  2.5086  2.4231  2.3515  2.2418  2.2858  2.2093  2.1392  2.0688  2.0684  2.0029  1.9901  1.9590
 167  0.833134  3.8773  3.8176  1.0037  2.5000  2.4113  2.3374  2.2230  2.2686  2.1879  2.1144  2.0369  2.0389  1.9696  1.9557  1.9215
 168  0.833464  3.8720  3.7889  1.0115  2.4929  2.4006  2.3241  2.2046  2.2519  2.1666  2.0894  2.0042  2.0089  1.9352  1.9201  1.8825
 169  0.833784  3.8663  3.7582  1.0194  2.4875  2.3911  2.3118  2.1866  2.2359  2.1455  2.0643  1.9711  1.9786  1.9001  1.8836  1.8423
 170  0.834094  3.8602  3.7263  1.0272  2.4834  2.3827  2.3003  2.1692  2.2206  2.1248  2.0393  1.9382  1.9483  1.8647  1.8468  1.8017
 171  0.834395  3.8538  3.6928  1.0351  2.4811  2.3757  2.2899  2.1524  2.2061  2.1045  2.0145  1.9045  1.9177  1.8288  1.8093  1.7599
 172  0.834687  3.8470  3.6578  1.0429  2.4809  2.3703  2.2809  2.1365  2.1926  2.0847  1.9899  1.8704  1.8869  1.7923  1.7711  1.7171
 173  0.834976  3.8401  3.6227  1.0507  2.4821  2.3658  2.2726  2.1209  2.1794  2.0652  1.9655  1.8371  1.8566  1.7560  1.7331  1.6744
 174  0.835264  3.8332  3.5873  1.0587  2.4835  2.3613  2.2638  2.1053  2.1664  2.0458  1.9412  1.8044  1.8272  1.7201  1.6955  1.6320
 175  0.835558  3.8266  3.5527  1.0668  2.4843  2.3563  2.2550  2.0894  2.1530  2.0262  1.9170  1.7720  1.7976  1.6846  1.6582  1.5900
 176  0.835855  3.8200  3.5183  1.0751  2.4854  2.3513  2.2457  2.0734  2.1395  2.0066  1.8929  1.7404  1.7687  1.6496  1.6215  1.5485
 177  0.836156  3.8133  3.4838  1.0832  2.4875  2.3472  2.2373  2.0582  2.1268  1.9877  1.8694  1.7095  1.7407  1.6153  1.5853  1.5076
 178  0.836461  3.8065  3.4489  1.0910  2.4915  2.3445  2.2300  2.0439  2.1152  1.9697  1.8469  1.6800  1.7137  1.5817  1.5499  1.4673
 179  0.836775  3.7995  3.4137  1.0984  2.4984  2.3441  2.2248  2.0312  2.1053  1.9534  1.8258  1.6521  1.6881  1.5493  1.5156  1.4278
 180  0.837104  3.7924  3.3787  1.1050  2.5107  2.3478  2.2229  2.0209  2.0981  1.9389  1.8063  1.6249  1.6638  1.5179  1.4822  1.3893
 181  0.837454  3.7852  3.3445  1.1105  2.5260  2.3546  2.2244  2.0140  2.0944  1.9282  1.7906  1.6020  1.6438  1.4903  1.4525  1.3540
 182  0.837717  3.7801  3.3212  1.1138  2.5404  2.3616  2.2264  2.0095  2.0924  1.9207  1.7792  1.5854  1.6288  1.4705  1.4313  1.3291
 183  0.837981  3.7755  3.2996  1.1171  2.5531  2.3675  2.2277  2.0052  2.0902  1.9137  1.7689  1.5709  1.6157  1.4525  1.4120  1.3065
 184  0.838245  3.7714  3.2794  1.1208  2.5626  2.3709  2.2271  1.9998  2.0867  1.9061  1.7585  1.5573  1.6032  1.4354  1.3938  1.2851
 185  0.838507  3.7678  3.2598  1.1261  2.5663  2.3692  2.2218  1.9905  2.0790  1.8948  1.7448  1.5407  1.5875  1.4159  1.3732  1.2618
 186  0.838762  3.7647  3.2407  1.1331  2.5630  2.3613  2.2108  1.9761  2.0659  1.8788  1.7268  1.5203  1.5679  1.3930  1.3494  1.2357
 187  0.839008  3.7622  3.2215  1.1425  2.5517  2.3461  2.1929  1.9552  2.0463  1.8566  1.7028  1.4944  1.5425  1.3650  1.3207  1.2051
 188  0.839244  3.7600  3.2026  1.1526  2.5377  2.3283  2.1726  1.9321  2.0242  1.8322  1.6768  1.4665  1.5152  1.3353  1.2904  1.1731
 189  0.839470  3.7582  3.1838  1.1641  2.5186  2.3059  2.1481  1.9052  1.9983  1.8042  1.6475  1.4356  1.4848  1.3029  1.2575  1.1387
 190  0.839689  3.7566  3.1653  1.1765  2.4956  2.2802  2.1207  1.8758  1.9696  1.7739  1.6160  1.4028  1.4524  1.2689  1.2230  1.1030
 191  0.839902  3.7551  3.1470  1.1890  2.4723  2.2542  2.0930  1.8462  1.9408  1.7434  1.5845  1.3700  1.4200  1.2349  1.1886  1.0675
 192  0.840109  3.7538  3.1288  1.2023  2.4457  2.2255  2.0629  1.8145  1.9097  1.7110  1.5513  1.3357  1.3860  1.1996  1.1529  1.0308
 193  0.840312  3.7527  3.1107  1.2157  2.4185  2.1962  2.0323  1.7824  1.8782  1.6783  1.5177  1.3012  1.3518  1.1641  1.1170  0.9940
 194  0.840512  3.7516  3.0927  1.2294  2.3897  2.1655  2.0005  1.7492  1.8455  1.6445  1.4832  1.2658  1.3167  1.1278  1.0804  0.9565
 195  0.840707  3.7506  3.0748  1.2435  2.3596  2.1337  1.9676  1.7151  1.8119  1.6099  1.4480  1.2298  1.2809  1.0910  1.0433  0.9186
 196  0.840900  3.7496  3.0569  1.2577  2.3293  2.1017  1.9346  1.6809  1.7781  1.5752  1.4126  1.1937  1.2450  1.0540  1.0060  0.8806
 197  0.841090  3.7487  3.0390  1.2721  2.2978  2.0687  1.9007  1.6459  1.7435  1.5397  1.3765  1.1570  1.2084  1.0166  0.9683  0.8422
 198  0.841277  3.7479  3.0211  1.2867  2.2660  2.0354  1.8664  1.6106  1.7086  1.5039  1.3402  1.1200  1.1717  0.9789  0.9303  0.8035
 199  0.841462  3.7471  3.0032  1.3014  2.2335  2.0014  1.8315  1.5748  1.6732  1.4677  1.3034  1.0826  1.1344  0.9407  0.8919  0.7645
 200  0.841645  3.7463  2.9851  1.3163  2.2008  1.9672  1.7963  1.5386  1.6374  1.4311  1.2662  1.0449  1.0969  0.9023  0.8532  0.7251
 201  0.841826  3.7454  2.9671  1.3313  2.1678  1.9327  1.7609  1.5023  1.6014  1.3943  1.2289  1.0071  1.0592  0.8637  0.8144  0.6856
 202  0.842003  3.7447  2.9488  1.3465  2.1341  1.8976  1.7248  1.4653  1.5648  1.3569  1.1910  0.9687  1.0209  0.8246  0.7750  0.6456
 203  0.842175  3.7439  2.9303  1.3619  2.0997  1.8618  1.6881  1.4277  1.5275  1.3188  1.1524  0.9296  0.9820  0.7847  0.7350  0.6049
 204  0.842342  3.7431  2.9116  1.3776  2.0648  1.8255  1.6508  1.3896  1.4897  1.2803  1.1134  0.8900  0.9425  0.7444  0.6944  0.5637
 205  0.842507  3.7423  2.8927  1.3935  2.0294  1.7887  1.6131  1.3510  1.4515  1.2412  1.0738  0.8500  0.9026  0.7037  0.6534  0.5221
 206  0.842666  3.7416  2.8737  1.4096  1.9933  1.7512  1.5747  1.3118  1.4126  1.2016  1.0337  0.8094  0.8622  0.6624  0.6119  0.4800
 207  0.842823  3.7408  2.8545  1.4258  1.9569  1.7134  1.5361  1.2722  1.3734  1.1617  0.9933  0.7685  0.8214  0.6207  0.5700  0.4375
 208  0.842975  3.7401  2.8352  1.4423  1.9200  1.6752  1.4969  1.2323  1.3338  1.1213  0.9524  0.7272  0.7802  0.5787  0.5277  0.3946
 209  0.843124  3.7393  2.8157  1.4589  1.8828  1.6366  1.4575  1.1919  1.2938  1.0806  0.9112  0.6855  0.7386  0.5363  0.4850  0.3513
 210  0.843269  3.7386  2.7961  1.4756  1.8452  1.5976  1.4176  1.1513  1.2534  1.0395  0.8697  0.6435  0.6967  0.4935  0.4421  0.3077
 211  0.843410  3.7378  2.7763  1.4925  1.8073  1.5583  1.3775  1.1102  1.2127  0.9980  0.8278  0.6011  0.6543  0.4504  0.3987  0.2637
 212  0.843549  3.7371  2.7564  1.5094  1.7691  1.5187  1.3370  1.0689  1.1717  0.9563  0.7856  0.5584  0.6118  0.4070  0.3551  0.2195
 213  0.843683  3.7364  2.7364  1.5266  1.7306  1.4788  1.2962  1.0273  1.1304  0.9142  0.7430  0.5154  0.5688  0.3632  0.3111  0.1749
 214  0.843815  3.7356  2.7162  1.5438  1.6918  1.4386  1.2552  0.9854  1.0888  0.8720  0.7003  0.4722  0.5257  0.3193  0.2669  0.1300
 215  0.843943  3.7349  2.6960  1.5612  1.6528  1.3982  1.2139  0.9432  1.0470  0.8293  0.6572  0.4286  0.4822  0.2750  0.2223  0.0849
 216  0.844068  3.7342  2.6757  1.5787  1.6135  1.3574  1.1723  0.9007  1.0049  0.7865  0.6139  0.3849  0.4385  0.2305  0.1776  0.0396
 217  0.844095  3.7340  2.6712  1.5825  1.6049  1.3485  1.1631  0.8914  0.9956  0.7771  0.6044  0.3752  0.4289  0.2207  0.1678  0.0296
 218  0.844121  3.7338  2.6667  1.5864  1.5963  1.3395  1.1540  0.8820  0.9863  0.7676  0.5948  0.3655  0.4192  0.2109  0.1579  0.0195
 219  0.844148  3.7337  2.6622  1.5902  1.5876  1.3306  1.1448  0.8727  0.9771  0.7582  0.5853  0.3559  0.4096  0.2011  0.1480  0.0096
 220  0.844175  3.7335  2.6577  1.5941  1.5790  1.3216  1.1356  0.8633  0.9678  0.7487  0.5757  0.3463  0.4000  0.1912  0.1382 -0.0005
 221  0.844201  3.7333  2.6532  1.5979  1.5703  1.3126  1.1264  0.8539  0.9584  0.7392  0.5661  0.3365  0.3902  0.1813  0.1282 -0.0105
 222  0.844228  3.7332  2.6487  1.6018  1.5616  1.3035  1.1172  0.8445  0.9491  0.7297  0.5565  0.3268  0.3805  0.1715  0.1183 -0.0206
 223  0.844254  3.7330  2.6441  1.6057  1.5528  1.2945  1.1079  0.8350  0.9397  0.7201  0.5468  0.3170  0.3708  0.1615  0.1083 -0.0307
 224  0.844280  3.7328  2.6395  1.6097  1.5440  1.2853  1.0985  0.8255  0.9302  0.7105  0.5370  0.3072  0.3609  0.1515  0.0982 -0.0410
 225  0.844306  3.7327  2.6349  1.6136  1.5352  1.2762  1.0892  0.8159  0.9207  0.7008  0.5272  0.2973  0.3510  0.1414  0.0880 -0.0513
 226  0.844332  3.7325  2.6303  1.6176  1.5263  1.2670  1.0797  0.8063  0.9111  0.6911  0.5174  0.2873  0.3411  0.1313  0.0779 -0.0616
 227  0.844551  3.7311  2.5904  1.6519  1.4496  1.1873  0.9982  0.7230  0.8285  0.6070  0.4324  0.2014  0.2553  0.0439 -0.0100 -0.1507
 228  0.844773  3.7295  2.5469  1.6892  1.3663  1.1007  0.9095  0.6325  0.7388  0.5156  0.3399  0.1079  0.1621 -0.0513 -0.1056 -0.2476
 229  0.844962  3.7281  2.5075  1.7230  1.2911  1.0224  0.8293  0.5504  0.6575  0.4327  0.2560  0.0232  0.0775 -0.1375 -0.1923 -0.3355
 230  0.845150  3.7265  2.4656  1.7588  1.2128  0.9404  0.7450  0.4641  0.5719  0.3454  0.1676 -0.0663 -0.0117 -0.2287 -0.2840 -0.4286
 231  0.845333  3.7248  2.4220  1.7957  1.1324  0.8560  0.6581  0.3749  0.4836  0.2551  0.0761 -0.1589 -0.1041 -0.3232 -0.3791 -0.5250
 232  0.845490  3.7233  2.3818  1.8298  1.0585  0.7783  0.5781  0.2927  0.4023  0.1720 -0.0082 -0.2442 -0.1893 -0.4102 -0.4666 -0.6139
 233  0.845658  3.7215  2.3361  1.8685  0.9753  0.6906  0.4877  0.1998  0.3104  0.0780 -0.1036 -0.3409 -0.2858 -0.5088 -0.5659 -0.7147
 234  0.845791  3.7200  2.2975  1.9011  0.9056  0.6169  0.4116  0.1214  0.2330 -0.0013 -0.1841 -0.4224 -0.3672 -0.5921 -0.6496 -0.7998
 235  0.845930  3.7183  2.2544  1.9374  0.8282  0.5350  0.3270  0.0343  0.1468 -0.0896 -0.2737 -0.5133 -0.4579 -0.6849 -0.7430 -0.8946
 236  0.846053  3.7167  2.2140  1.9714  0.7562  0.4586  0.2479 -0.0473  0.0662 -0.1723 -0.3577 -0.5984 -0.5429 -0.7718 -0.8305 -0.9835
 237  0.846170  3.7150  2.1730  2.0060  0.6836  0.3813  0.1680 -0.1300 -0.0153 -0.2560 -0.4428 -0.6848 -0.6291 -0.8601 -0.9194 -1.0738
 238  0.846280  3.7134  2.1318  2.0407  0.6109  0.3038  0.0878 -0.2130 -0.0973 -0.3402 -0.5284 -0.7716 -0.7158 -0.9489 -1.0087 -1.1646
 239  0.846378  3.7119  2.0930  2.0733  0.5430  0.2313  0.0128 -0.2906 -0.1739 -0.4190 -0.6085 -0.8529 -0.7969 -1.0320 -1.0924 -1.2496
 240  0.846477  3.7102  2.0513  2.1084  0.4698  0.1533 -0.0680 -0.3741 -0.2564 -0.5037 -0.6946 -0.9401 -0.8841 -1.1213 -1.1823 -1.3411
 241  0.846565  3.7086  2.0122  2.1413  0.4015  0.0804 -0.1435 -0.4522 -0.3334 -0.5828 -0.7750 -1.0216 -0.9656 -1.2048 -1.2664 -1.4266
 242  0.846648  3.7070  1.9727  2.1742  0.3339  0.0081 -0.2184 -0.5299 -0.4100 -0.6617 -0.8553 -1.1029 -1.0469 -1.2883 -1.3504 -1.5121
 243  0.846726  3.7052  1.9331  2.2070  0.2672 -0.0636 -0.2927 -0.6070 -0.4861 -0.7400 -0.9350 -1.1836 -1.1276 -1.3714 -1.4341 -1.5974
 244  0.846795  3.7036  1.8958  2.2378  0.2051 -0.1304 -0.3621 -0.6792 -0.5572 -0.8134 -1.0097 -1.2593 -1.2032 -1.4493 -1.5127 -1.6774
 245  0.846864  3.7019  1.8566  2.2701  0.1404 -0.2003 -0.4347 -0.7549 -0.6317 -0.8903 -1.0881 -1.3387 -1.2825 -1.5312 -1.5952 -1.7615
 246  0.846926  3.7002  1.8196  2.3006  0.0798 -0.2659 -0.5029 -0.8261 -0.7018 -0.9627 -1.1619 -1.4136 -1.3572 -1.6084 -1.6730 -1.8409
 247  0.846987  3.6985  1.7812  2.3322  0.0179 -0.3333 -0.5731 -0.8994 -0.7739 -1.0373 -1.2381 -1.4912 -1.4343 -1.6880 -1.7533 -1.9229
 248  0.847042  3.6969  1.7454  2.3616 -0.0392 -0.3956 -0.6381 -0.9675 -0.8409 -1.1067 -1.3089 -1.5638 -1.5063 -1.7622 -1.8281 -1.9993
 249  0.847094  3.6954  1.7106  2.3902 -0.0942 -0.4558 -0.7010 -1.0334 -0.9057 -1.1739 -1.3775 -1.6344 -1.5760 -1.8341 -1.9007 -2.0735
 250  0.847144  3.6938  1.6766  2.4180 -0.1475 -0.5143 -0.7622 -1.0975 -0.9687 -1.2393 -1.4443 -1.7033 -1.6440 -1.9041 -1.9713 -2.1457
 251  0.847190  3.6926  1.6489  2.4409 -0.1914 -0.5624 -0.8125 -1.1502 -1.0205 -1.2930 -1.4992 -1.7598 -1.6998 -1.9616 -2.0293 -2.2050
 252  0.847236  3.6918  1.6302  2.4565 -0.2216 -0.5954 -0.8468 -1.1861 -1.0558 -1.3297 -1.5366 -1.7983 -1.7378 -2.0006 -2.0688 -2.2453
 253  0.847281  3.6918  1.6254  2.4611 -0.2322 -0.6063 -0.8578 -1.1973 -1.0670 -1.3410 -1.5480 -1.8098 -1.7492 -2.0122 -2.0804 -2.2570
 254  0.847326  3.6904  1.5953  2.4858 -0.2788 -0.6577 -0.9117 -1.2539 -1.1226 -1.3988 -1.6071 -1.8708 -1.8094 -2.0743 -2.1430 -2.3210
 255  0.847370  3.6885  1.5537  2.5197 -0.3412 -0.7273 -0.9848 -1.3312 -1.1983 -1.4777 -1.6879 -1.9534 -1.8917 -2.1594 -2.2289 -2.4089
 256  0.847410  3.6867  1.5143  2.5520 -0.4001 -0.7933 -1.0541 -1.4045 -1.2701 -1.5527 -1.7647 -2.0317 -1.9699 -2.2403 -2.3106 -2.4925
 257  0.847448  3.6849  1.4757  2.5833 -0.4556 -0.8562 -1.1206 -1.4752 -1.3392 -1.6249 -1.8389 -2.1072 -2.0455 -2.3188 -2.3899 -2.5736
 258  0.847483  3.6830  1.4379  2.6137 -0.5082 -0.9165 -1.1845 -1.5435 -1.4058 -1.6949 -1.9108 -2.1804 -2.1189 -2.3951 -2.4670 -2.6526
 259  0.847515  3.6812  1.4009  2.6435 -0.5592 -0.9751 -1.2466 -1.6100 -1.4707 -1.7631 -1.9810 -2.2515 -2.1905 -2.4696 -2.5422 -2.7297
 260  0.847546  3.6794  1.3639  2.6732 -0.6098 -1.0333 -1.3084 -1.6762 -1.5353 -1.8311 -2.0509 -2.3227 -2.2618 -2.5439 -2.6173 -2.8066
 261  0.847575  3.6776  1.3277  2.7023 -0.6584 -1.0897 -1.3683 -1.7405 -1.5979 -1.8972 -2.1190 -2.3921 -2.3313 -2.6163 -2.6905 -2.8817
 262  0.847602  3.6758  1.2923  2.7306 -0.7052 -1.1442 -1.4263 -1.8030 -1.6587 -1.9615 -2.1852 -2.4595 -2.3989 -2.6869 -2.7619 -2.9549
 263  0.847627  3.6741  1.2577  2.7583 -0.7503 -1.1970 -1.4825 -1.8637 -1.7178 -2.0240 -2.2497 -2.5252 -2.4647 -2.7557 -2.8314 -3.0264
 264  0.847650  3.6724  1.2238  2.7854 -0.7936 -1.2480 -1.5369 -1.9227 -1.7752 -2.0848 -2.3125 -2.5891 -2.5289 -2.8229 -2.8994 -3.0962
 265  0.847672  3.6707  1.1899  2.8124 -0.8361 -1.2985 -1.5909 -1.9814 -1.8321 -2.1454 -2.3751 -2.6529 -2.5929 -2.8899 -2.9671 -3.1658
 266  0.847693  3.6690  1.1574  2.8383 -0.8760 -1.3463 -1.6421 -2.0372 -1.8863 -2.2030 -2.4347 -2.7136 -2.6540 -2.9537 -3.0318 -3.2323
 267  0.847713  3.6673  1.1242  2.8646 -0.9160 -1.3945 -1.6938 -2.0938 -1.9410 -2.2615 -2.4952 -2.7752 -2.7161 -3.0187 -3.0975 -3.2999
 268  0.847731  3.6657  1.0926  2.8898 -0.9536 -1.4402 -1.7428 -2.1476 -1.9931 -2.3172 -2.5529 -2.8340 -2.7753 -3.0807 -3.1603 -3.3645
 269  0.847749  3.6641  1.0609  2.9149 -0.9904 -1.4852 -1.7911 -2.2008 -2.0446 -2.3723 -2.6101 -2.8922 -2.8341 -3.1423 -3.2227 -3.4287
 270  0.847765  3.6624  1.0299  2.9394 -1.0255 -1.5284 -1.8376 -2.2523 -2.0944 -2.4259 -2.6656 -2.9489 -2.8912 -3.2023 -3.2834 -3.4914
 271  0.847781  3.6608  0.9996  2.9633 -1.0590 -1.5701 -1.8824 -2.3022 -2.1426 -2.4778 -2.7195 -3.0039 -2.9467 -3.2606 -3.3426 -3.5524
 272  0.847796  3.6592  0.9696  2.9867 -1.0901 -1.6095 -1.9250 -2.3500 -2.1886 -2.5277 -2.7716 -3.0570 -3.0003 -3.3174 -3.4002 -3.6120
 273  0.847810  3.6574  0.9392  3.0102 -1.1205 -1.6486 -1.9674 -2.3979 -2.2346 -2.5778 -2.8239 -3.1104 -3.0542 -3.3744 -3.4581 -3.6720
 274  0.847823  3.6558  0.9099  3.0329 -1.1490 -1.6856 -2.0075 -2.4433 -2.2782 -2.6255 -2.8736 -3.1612 -3.1055 -3.4290 -3.5136 -3.7295
 275  0.847836  3.6541  0.8808  3.0553 -1.1765 -1.7216 -2.0466 -2.4879 -2.3210 -2.6723 -2.9226 -3.2113 -3.1561 -3.4828 -3.5683 -3.7863
 276  0.847848  3.6525  0.8524  3.0772 -1.2026 -1.7561 -2.0841 -2.5309 -2.3622 -2.7176 -2.9701 -3.2597 -3.2052 -3.5351 -3.6214 -3.8416
 277  0.847859  3.6508  0.8241  3.0988 -1.2274 -1.7895 -2.1206 -2.5730 -2.4024 -2.7620 -3.0167 -3.3073 -3.2533 -3.5866 -3.6738 -3.8961
 278  0.847870  3.6492  0.7967  3.1197 -1.2508 -1.8214 -2.1554 -2.6134 -2.4409 -2.8047 -3.0615 -3.3531 -3.2998 -3.6363 -3.7244 -3.9487
 279  0.847893  3.6476  0.7705  3.1396 -1.2724 -1.8512 -2.1880 -2.6515 -2.4772 -2.8451 -3.1040 -3.3965 -3.3439 -3.6835 -3.7725 -3.9988

