#EEP   M/Mo    LogTeff  LogG   LogL/Lo F435W   F475W   F502N   F550M   F555W   F606W   F625W   F658N   F660N   F775W   F814W   F850LP  
  10  0.101969  3.5299  5.3060 -2.7866 15.0779 14.2646 14.3469 12.9137 13.2969 12.7522 12.4156 11.7576 11.7985 11.2211 11.0527 10.6889
  11  0.115769  3.5397  5.2598 -2.6462 14.5191 13.7585 13.7924 12.4671 12.8283 12.2777 11.9374 11.3543 11.4011 10.8536 10.6972 10.3506
  12  0.131486  3.5493  5.2136 -2.5060 13.9784 13.2642 13.2597 12.0313 12.3724 11.8180 11.4753 10.9576 11.0098 10.4881 10.3423 10.0109
  13  0.149920  3.5582  5.1702 -2.3704 13.4818 12.8042 12.7703 11.6223 11.9469 11.3923 11.0491 10.5814 10.6381 10.1367  9.9994  9.6807
  14  0.169985  3.5652  5.1333 -2.2506 13.0676 12.4151 12.3583 11.2714 11.5839 11.0327 10.6907 10.2555 10.3153  9.8285  9.6973  9.3880
  15  0.188067  3.5704  5.1045 -2.1574 12.7556 12.1197 12.0470 11.0030 11.3071 10.7604 10.4201 10.0049 10.0668  9.5898  9.4627  9.1598
  16  0.203527  3.5741  5.0819 -2.0855 12.5200 11.8956 11.8115 10.7984 11.0965 10.5540 10.2154  9.8132  9.8764  9.4064  9.2821  8.9837
  17  0.219907  3.5775  5.0610 -2.0175 12.2999 11.6856 11.5912 10.6058 10.8986 10.3608 10.0241  9.6323  9.6968  9.2329  9.1110  8.8167
  18  0.234129  3.5801  5.0442 -1.9630 12.1252 11.5185 11.4164 10.4523 10.7410 10.2074  9.8723  9.4880  9.5532  9.0942  8.9741  8.6829
  19  0.245122  3.5820  5.0314 -1.9226 11.9959 11.3947 11.2871 10.3384 10.6241 10.0941  9.7604  9.3810  9.4468  8.9914  8.8726  8.5838
  20  0.252825  3.5833  5.0221 -1.8947 11.9070 11.3095 11.1982 10.2600 10.5437 10.0162  9.6834  9.3072  9.3735  8.9204  8.8025  8.5152
  21  0.258566  3.5842  5.0152 -1.8746 11.8434 11.2485 11.1345 10.2036 10.4859  9.9602  9.6281  9.2540  9.3205  8.8692  8.7519  8.4656
  22  0.263090  3.5848  5.0098 -1.8590 11.7947 11.2018 11.0859 10.1603 10.4416  9.9172  9.5857  9.2132  9.2799  8.8297  8.7129  8.4274
  23  0.266656  3.5853  5.0055 -1.8469 11.7567 11.1652 11.0477 10.1265 10.4070  9.8836  9.5526  9.1812  9.2480  8.7989  8.6823  8.3975
  24  0.269598  3.5858  5.0020 -1.8369 11.7257 11.1354 11.0167 10.0989 10.3787  9.8562  9.5255  9.1551  9.2221  8.7737  8.6574  8.3731
  25  0.272137  3.5861  4.9991 -1.8285 11.6993 11.1100 10.9902 10.0754 10.3547  9.8330  9.5026  9.1330  9.2000  8.7523  8.6363  8.3524
  26  0.274538  3.5865  4.9966 -1.8208 11.6749 11.0866 10.9658 10.0538 10.3325  9.8116  9.4815  9.1126  9.1798  8.7327  8.6169  8.3334
  27  0.277131  3.5868  4.9944 -1.8129 11.6498 11.0625 10.9407 10.0316 10.3098  9.7897  9.4599  9.0918  9.1591  8.7127  8.5971  8.3141
  28  0.280305  3.5873  4.9920 -1.8039 11.6210 11.0349 10.9120 10.0062 10.2837  9.7646  9.4352  9.0679  9.1353  8.6898  8.5745  8.2919
  29  0.284393  3.5878  4.9893 -1.7927 11.5850 11.0004 10.8759  9.9745 10.2512  9.7332  9.4043  9.0381  9.1056  8.6611  8.5462  8.2643
  30  0.289993  3.5886  4.9855 -1.7774 11.5363 10.9537 10.8272  9.9314 10.2070  9.6907  9.3625  8.9976  9.0654  8.6223  8.5078  8.2268
  31  0.299002  3.5899  4.9795 -1.7530 11.4569 10.8777 10.7478  9.8619 10.1356  9.6221  9.2951  8.9325  9.0007  8.5600  8.4463  8.1668
  32  0.367895  3.6061  4.8962 -1.5147 10.6451 10.1057  9.9340  9.1684  9.4183  8.9436  8.6328  8.2923  8.3644  7.9523  7.8473  7.5852
  33  0.379315  3.6101  4.8791 -1.4684 10.4797  9.9492  9.7697  9.0294  9.2742  8.8091  8.5025  8.1660  8.2386  7.8337  7.7307  7.4727
  34  0.390122  3.6143  4.8630 -1.4233 10.3152  9.7940  9.6072  8.8921  9.1317  8.6768  8.3745  8.0421  8.1150  7.7179  7.6169  7.3634
  35  0.402209  3.6196  4.8461 -1.3719 10.1233  9.6134  9.4188  8.7332  8.9666  8.5245  8.2279  7.9003  7.9732  7.5861  7.4876  7.2397
  36  0.414842  3.6261  4.8297 -1.3162  9.9057  9.4096  9.2070  8.5557  8.7818  8.3555  8.0660  7.7447  7.8172  7.4428  7.3475  7.1067
  37  0.427135  3.6333  4.8153 -1.2601  9.6754  9.1950  8.9849  8.3711  8.5889  8.1810  7.9000  7.5861  7.6579  7.2984  7.2068  6.9744
  38  0.438725  3.6408  4.8033 -1.2066  9.4483  8.9842  8.7675  8.1910  8.4003  8.0116  7.7396  7.4341  7.5042  7.1608  7.0731  6.8496
  39  0.449609  3.6481  4.7932 -1.1566  9.2334  8.7853  8.5632  8.0218  8.2228  7.8528  7.5899  7.2932  7.3606  7.0335  6.9496  6.7346
  40  0.459507  3.6551  4.7853 -1.1115  9.0385  8.6047  8.3771  7.8694  8.0620  7.7090  7.4547  7.1663  7.2311  6.9182  6.8376  6.6305
  41  0.468580  3.6619  4.7796 -1.0698  8.8584  8.4372  8.2032  7.7302  7.9133  7.5760  7.3302  7.0490  7.1123  6.8105  6.7330  6.5330
  42  0.477654  3.6690  4.7746 -1.0281  8.6778  8.2698  8.0307  7.5915  7.7646  7.4430  7.2061  6.9321  6.9934  6.7031  6.6285  6.4359
  43  0.487516  3.6768  4.7698 -0.9831  8.4856  8.0921  7.8496  7.4441  7.6067  7.3012  7.0736  6.8074  6.8663  6.5880  6.5167  6.3320
  44  0.498749  3.6855  4.7640 -0.9328  8.2776  7.9002  7.6575  7.2835  7.4352  7.1460  6.9282  6.6703  6.7268  6.4604  6.3925  6.2162
  45  0.510867  3.6946  4.7572 -0.8792  8.0654  7.7052  7.4659  7.1183  7.2598  6.9856  6.7769  6.5270  6.5812  6.3261  6.2614  6.0934
  46  0.522967  3.7036  4.7504 -0.8261  7.8615  7.5190  7.2856  6.9590  7.0919  6.8307  6.6301  6.3876  6.4397  6.1948  6.1333  5.9732
  47  0.534999  3.7124  4.7431 -0.7739  7.6662  7.3416  7.1160  6.8063  6.9319  6.6823  6.4890  6.2540  6.3038  6.0683  6.0097  5.8571
  48  0.546919  3.7207  4.7352 -0.7230  7.4811  7.1740  6.9575  6.6609  6.7804  6.5410  6.3541  6.1260  6.1736  5.9469  5.8910  5.7454
  49  0.558727  3.7286  4.7264 -0.6733  7.3057  7.0153  6.8089  6.5225  6.6370  6.4065  6.2254  6.0036  6.0491  5.8306  5.7771  5.6378
  50  0.570115  3.7360  4.7172 -0.6261  7.1425  6.8676  6.6708  6.3934  6.5035  6.2810  6.1050  5.8889  5.9325  5.7215  5.6701  5.5366
  51  0.580883  3.7426  4.7077 -0.5819  6.9935  6.7324  6.5437  6.2746  6.3809  6.1654  5.9939  5.7831  5.8250  5.6205  5.5711  5.4427
  52  0.586007  3.7457  4.7029 -0.5610  6.9242  6.6693  6.4844  6.2190  6.3236  6.1113  5.9419  5.7336  5.7747  5.5732  5.5246  5.3985
  53  0.591095  3.7487  4.6979 -0.5403  6.8564  6.6075  6.4263  6.1644  6.2674  6.0582  5.8908  5.6849  5.7253  5.5265  5.4788  5.3550
  54  0.596133  3.7516  4.6928 -0.5199  6.7902  6.5471  6.3694  6.1109  6.2124  6.0061  5.8407  5.6370  5.6767  5.4807  5.4338  5.3121
  55  0.601108  3.7543  4.6875 -0.4998  6.7258  6.4882  6.3138  6.0585  6.1586  5.9550  5.7915  5.5899  5.6290  5.4356  5.3895  5.2699
  56  0.606047  3.7570  4.6819 -0.4799  6.6627  6.4303  6.2591  6.0069  6.1056  5.9047  5.7429  5.5434  5.5819  5.3910  5.3457  5.2279
  57  0.610960  3.7596  4.6761 -0.4602  6.6008  6.3733  6.2052  5.9559  6.0533  5.8549  5.6948  5.4973  5.5352  5.3468  5.3022  5.1863
  58  0.615838  3.7621  4.6700 -0.4406  6.5401  6.3172  6.1521  5.9055  6.0017  5.8058  5.6473  5.4516  5.4890  5.3030  5.2590  5.1449
  59  0.620665  3.7646  4.6639 -0.4214  6.4804  6.2621  6.1000  5.8559  5.9510  5.7574  5.6006  5.4066  5.4436  5.2599  5.2165  5.1041
  60  0.625437  3.7670  4.6577 -0.4023  6.4220  6.2079  6.0488  5.8072  5.9011  5.7098  5.5545  5.3623  5.3987  5.2173  5.1746  5.0639
  61  0.630149  3.7693  4.6515 -0.3835  6.3647  6.1548  5.9985  5.7593  5.8521  5.6629  5.5092  5.3186  5.3546  5.1755  5.1334  5.0243
  62  0.634793  3.7716  4.6454 -0.3651  6.3085  6.1026  5.9491  5.7122  5.8039  5.6169  5.4647  5.2758  5.3113  5.1344  5.0928  4.9853
  63  0.639360  3.7738  4.6393 -0.3469  6.2535  6.0514  5.9005  5.6660  5.7566  5.5718  5.4210  5.2337  5.2689  5.0941  5.0531  4.9472
  64  0.643849  3.7760  4.6333 -0.3291  6.1996  6.0012  5.8528  5.6206  5.7102  5.5276  5.3783  5.1926  5.2273  5.0546  5.0142  4.9098
  65  0.648255  3.7782  4.6274 -0.3116  6.1468  5.9521  5.8058  5.5762  5.6646  5.4842  5.3364  5.1523  5.1867  5.0160  4.9762  4.8732
  66  0.652567  3.7803  4.6218 -0.2944  6.0950  5.9038  5.7593  5.5327  5.6197  5.4418  5.2957  5.1132  5.1472  4.9785  4.9392  4.8377
  67  0.656776  3.7825  4.6163 -0.2777  6.0445  5.8568  5.7140  5.4903  5.5759  5.4005  5.2560  5.0751  5.1086  4.9419  4.9032  4.8032
  68  0.660889  3.7846  4.6111 -0.2613  5.9953  5.8108  5.6698  5.4489  5.5333  5.3601  5.2172  5.0378  5.0709  4.9062  4.8680  4.7694
  69  0.664922  3.7866  4.6060 -0.2453  5.9475  5.7662  5.6271  5.4084  5.4919  5.3205  5.1788  5.0008  5.0337  4.8708  4.8332  4.7359
  70  0.668880  3.7887  4.6010 -0.2295  5.9010  5.7225  5.5857  5.3686  5.4515  5.2816  5.1411  4.9643  4.9969  4.8359  4.7987  4.7027
  71  0.672771  3.7907  4.5960 -0.2140  5.8552  5.6796  5.5450  5.3296  5.4120  5.2435  5.1040  4.9285  4.9608  4.8017  4.7650  4.6703
  72  0.676602  3.7927  4.5911 -0.1987  5.8100  5.6373  5.5048  5.2913  5.3729  5.2060  5.0676  4.8937  4.9256  4.7684  4.7321  4.6386
  73  0.680379  3.7946  4.5862 -0.1836  5.7646  5.5950  5.4645  5.2535  5.3341  5.1692  5.0323  4.8602  4.8914  4.7362  4.7005  4.6083
  74  0.684107  3.7965  4.5813 -0.1687  5.7198  5.5532  5.4246  5.2162  5.2958  5.1329  4.9975  4.8274  4.8579  4.7046  4.6693  4.5785
  75  0.687788  3.7984  4.5763 -0.1540  5.6757  5.5120  5.3852  5.1793  5.2578  5.0970  4.9631  4.7948  4.8247  4.6733  4.6385  4.5489
  76  0.691424  3.8002  4.5711 -0.1394  5.6325  5.4715  5.3464  5.1428  5.2204  5.0615  4.9289  4.7621  4.7915  4.6419  4.6076  4.5192
  77  0.695022  3.8019  4.5659 -0.1250  5.5903  5.4317  5.3082  5.1065  5.1833  5.0261  4.8947  4.7290  4.7583  4.6104  4.5764  4.4892
  78  0.698581  3.8036  4.5605 -0.1106  5.5488  5.3925  5.2704  5.0706  5.1466  4.9909  4.8607  4.6961  4.7252  4.5788  4.5453  4.4591
  79  0.702099  3.8052  4.5549 -0.0965  5.5080  5.3538  5.2331  5.0350  5.1103  4.9560  4.8269  4.6632  4.6922  4.5474  4.5142  4.4290
  80  0.705548  3.8067  4.5493 -0.0825  5.4679  5.3158  5.1964  4.9999  5.0745  4.9217  4.7935  4.6307  4.6597  4.5163  4.4835  4.3992
  81  0.708940  3.8082  4.5435 -0.0687  5.4284  5.2782  5.1601  4.9652  5.0392  4.8877  4.7606  4.5987  4.6275  4.4856  4.4532  4.3699
  82  0.713472  3.8102  4.5356 -0.0502  5.3755  5.2278  5.1114  4.9187  4.9918  4.8421  4.7163  4.5556  4.5842  4.4443  4.4123  4.3302
  83  0.717954  3.8121  4.5275 -0.0318  5.3230  5.1778  5.0631  4.8724  4.9446  4.7967  4.6722  4.5126  4.5410  4.4031  4.3715  4.2906
  84  0.722384  3.8139  4.5192 -0.0135  5.2711  5.1282  5.0150  4.8263  4.8977  4.7515  4.6283  4.4698  4.4981  4.3620  4.3309  4.2511
  85  0.726760  3.8157  4.5108  0.0047  5.2196  5.0790  4.9674  4.7806  4.8512  4.7067  4.5847  4.4273  4.4553  4.3212  4.2904  4.2117
  86  0.731082  3.8175  4.5023  0.0228  5.1687  5.0302  4.9201  4.7352  4.8050  4.6621  4.5413  4.3849  4.4128  4.2805  4.2502  4.1725
  87  0.735355  3.8192  4.4938  0.0407  5.1181  4.9818  4.8731  4.6901  4.7590  4.6178  4.4982  4.3428  4.3705  4.2401  4.2101  4.1334
  88  0.739580  3.8208  4.4851  0.0585  5.0679  4.9337  4.8264  4.6453  4.7134  4.5737  4.4553  4.3009  4.3285  4.1999  4.1702  4.0945
  89  0.743763  3.8225  4.4764  0.0763  5.0181  4.8858  4.7800  4.6006  4.6680  4.5299  4.4126  4.2591  4.2866  4.1598  4.1305  4.0557
  90  0.747908  3.8241  4.4676  0.0939  4.9685  4.8382  4.7338  4.5561  4.6228  4.4862  4.3701  4.2175  4.2449  4.1198  4.0909  4.0171
  91  0.752022  3.8257  4.4588  0.1115  4.9191  4.7908  4.6878  4.5118  4.5777  4.4426  4.3277  4.1760  4.2033  4.0800  4.0514  3.9785
  92  0.756086  3.8273  4.4500  0.1289  4.8702  4.7437  4.6421  4.4678  4.5330  4.3994  4.2855  4.1347  4.1620  4.0404  4.0121  3.9401
  93  0.760097  3.8288  4.4411  0.1463  4.8218  4.6971  4.5967  4.4241  4.4885  4.3564  4.2436  4.0937  4.1209  4.0010  3.9730  3.9018
  94  0.764061  3.8303  4.4321  0.1634  4.7737  4.6507  4.5517  4.3807  4.4444  4.3137  4.2020  4.0529  4.0801  3.9618  3.9341  3.8638
  95  0.767978  3.8318  4.4232  0.1805  4.7259  4.6047  4.5069  4.3375  4.4005  4.2712  4.1606  4.0122  4.0394  3.9228  3.8954  3.8259
  96  0.771848  3.8332  4.4142  0.1975  4.6785  4.5589  4.4624  4.2946  4.3569  4.2290  4.1194  3.9719  3.9990  3.8840  3.8569  3.7882
  97  0.775670  3.8347  4.4053  0.2144  4.6313  4.5134  4.4181  4.2519  4.3136  4.1870  4.0786  3.9317  3.9588  3.8455  3.8187  3.7507
  98  0.779445  3.8361  4.3964  0.2311  4.5844  4.4682  4.3741  4.2095  4.2705  4.1453  4.0379  3.8918  3.9189  3.8073  3.7807  3.7135
  99  0.783171  3.8375  4.3875  0.2478  4.5378  4.4232  4.3303  4.1673  4.2276  4.1038  3.9975  3.8522  3.8792  3.7693  3.7430  3.6765
 100  0.786845  3.8390  4.3787  0.2643  4.4915  4.3786  4.2868  4.1254  4.1850  4.0626  3.9574  3.8128  3.8398  3.7316  3.7056  3.6398
 101  0.790467  3.8404  4.3700  0.2808  4.4455  4.3341  4.2436  4.0838  4.1427  4.0217  3.9175  3.7736  3.8007  3.6942  3.6684  3.6034
 102  0.794035  3.8418  4.3614  0.2971  4.3997  4.2900  4.2006  4.0424  4.1007  3.9811  3.8780  3.7348  3.7618  3.6570  3.6315  3.5672
 103  0.797547  3.8433  4.3529  0.3132  4.3543  4.2461  4.1580  4.0013  4.0590  3.9407  3.8387  3.6962  3.7233  3.6202  3.5950  3.5313
 104  0.801005  3.8447  4.3444  0.3293  4.3092  4.2026  4.1156  3.9606  4.0175  3.9006  3.7997  3.6579  3.6850  3.5837  3.5587  3.4958
 105  0.804448  3.8461  4.3360  0.3453  4.2640  4.1590  4.0732  3.9198  3.9760  3.8606  3.7608  3.6197  3.6467  3.5473  3.5225  3.4602
 106  0.807876  3.8476  4.3276  0.3614  4.2187  4.1153  4.0307  3.8789  3.9345  3.8204  3.7217  3.5814  3.6084  3.5108  3.4863  3.4247
 107  0.811282  3.8490  4.3192  0.3774  4.1735  4.0717  3.9883  3.8381  3.8930  3.7804  3.6828  3.5431  3.5701  3.4744  3.4501  3.3892
 108  0.814649  3.8505  4.3108  0.3934  4.1285  4.0282  3.9460  3.7975  3.8516  3.7404  3.6440  3.5049  3.5320  3.4381  3.4141  3.3538
 109  0.817960  3.8519  4.3023  0.4093  4.0839  3.9851  3.9040  3.7571  3.8106  3.7008  3.6054  3.4670  3.4940  3.4020  3.3782  3.3185
 110  0.821196  3.8533  4.2938  0.4250  4.0397  3.9424  3.8624  3.7172  3.7699  3.6615  3.5672  3.4294  3.4565  3.3663  3.3427  3.2836
 111  0.824326  3.8546  4.2854  0.4404  3.9962  3.9003  3.8215  3.6777  3.7298  3.6227  3.5294  3.3923  3.4194  3.3310  3.3076  3.2491
 112  0.825679  3.8552  4.2817  0.4473  3.9770  3.8817  3.8034  3.6603  3.7121  3.6056  3.5128  3.3759  3.4031  3.3155  3.2922  3.2339
 113  0.827027  3.8558  4.2781  0.4541  3.9575  3.8630  3.7851  3.6428  3.6943  3.5884  3.4961  3.3595  3.3866  3.2999  3.2767  3.2187
 114  0.828369  3.8565  4.2744  0.4611  3.9380  3.8441  3.7667  3.6252  3.6763  3.5710  3.4793  3.3429  3.3701  3.2842  3.2611  3.2034
 115  0.829704  3.8571  4.2707  0.4680  3.9183  3.8251  3.7482  3.6074  3.6582  3.5536  3.4623  3.3262  3.3535  3.2684  3.2454  3.1879
 116  0.831030  3.8577  4.2669  0.4750  3.8985  3.8059  3.7296  3.5895  3.6400  3.5360  3.4452  3.3094  3.3366  3.2525  3.2295  3.1723
 117  0.832348  3.8584  4.2630  0.4821  3.8785  3.7866  3.7108  3.5714  3.6216  3.5182  3.4279  3.2923  3.3196  3.2363  3.2134  3.1565
 118  0.833656  3.8590  4.2590  0.4893  3.8585  3.7672  3.6919  3.5532  3.6031  3.5003  3.4105  3.2751  3.3025  3.2200  3.1972  3.1405
 119  0.834953  3.8596  4.2548  0.4964  3.8383  3.7477  3.6729  3.5348  3.5845  3.4822  3.3929  3.2578  3.2852  3.2035  3.1808  3.1242
 120  0.836241  3.8601  4.2505  0.5037  3.8181  3.7281  3.6538  3.5163  3.5657  3.4640  3.3752  3.2403  3.2677  3.1869  3.1642  3.1079
 121  0.837517  3.8607  4.2461  0.5110  3.7978  3.7083  3.6345  3.4977  3.5468  3.4457  3.3573  3.2226  3.2501  3.1701  3.1475  3.0914
 122  0.838783  3.8612  4.2416  0.5183  3.7774  3.6885  3.6152  3.4790  3.5279  3.4273  3.3394  3.2048  3.2324  3.1531  3.1306  3.0747
 123  0.840037  3.8618  4.2370  0.5257  3.7569  3.6686  3.5958  3.4602  3.5088  3.4088  3.3213  3.1869  3.2146  3.1361  3.1136  3.0578
 124  0.841280  3.8623  4.2323  0.5331  3.7364  3.6486  3.5762  3.4413  3.4896  3.3901  3.3030  3.1689  3.1966  3.1188  3.0964  3.0408
 125  0.842512  3.8628  4.2275  0.5405  3.7157  3.6286  3.5566  3.4223  3.4703  3.3713  3.2847  3.1507  3.1785  3.1015  3.0791  3.0237
 126  0.843730  3.8633  4.2225  0.5481  3.6951  3.6084  3.5369  3.4031  3.4509  3.3524  3.2662  3.1323  3.1602  3.0839  3.0616  3.0063
 127  0.844937  3.8637  4.2175  0.5556  3.6743  3.5882  3.5171  3.3838  3.4314  3.3334  3.2476  3.1139  3.1418  3.0662  3.0440  2.9888
 128  0.846131  3.8642  4.2123  0.5632  3.6535  3.5679  3.4972  3.3645  3.4118  3.3143  3.2288  3.0952  3.1232  3.0483  3.0261  2.9711
 129  0.847312  3.8646  4.2069  0.5708  3.6327  3.5475  3.4772  3.3450  3.3921  3.2950  3.2099  3.0765  3.1045  3.0303  3.0081  2.9532
 130  0.848479  3.8650  4.2014  0.5785  3.6117  3.5270  3.4570  3.3254  3.3723  3.2756  3.1909  3.0575  3.0857  3.0121  2.9899  2.9351
 131  0.849632  3.8653  4.1957  0.5863  3.5907  3.5064  3.4368  3.3057  3.3523  3.2561  3.1717  3.0384  3.0666  2.9937  2.9715  2.9168
 132  0.850769  3.8656  4.1896  0.5941  3.5698  3.4859  3.4166  3.2858  3.3323  3.2364  3.1522  3.0190  3.0473  2.9749  2.9528  2.8980
 133  0.851892  3.8659  4.1833  0.6019  3.5488  3.4652  3.3962  3.2657  3.3121  3.2165  3.1326  2.9995  3.0278  2.9558  2.9337  2.8790
 134  0.853001  3.8661  4.1768  0.6099  3.5277  3.4445  3.3757  3.2456  3.2918  3.1965  3.1128  2.9797  3.0081  2.9365  2.9144  2.8598
 135  0.854098  3.8663  4.1700  0.6179  3.5067  3.4236  3.3551  3.2253  3.2713  3.1763  3.0928  2.9596  2.9882  2.9170  2.8949  2.8402
 136  0.855181  3.8664  4.1630  0.6259  3.4856  3.4027  3.3343  3.2048  3.2507  3.1559  3.0726  2.9394  2.9680  2.8972  2.8751  2.8203
 137  0.856250  3.8664  4.1557  0.6340  3.4644  3.3818  3.3135  3.1842  3.2300  3.1354  3.0522  2.9189  2.9476  2.8770  2.8549  2.8001
 138  0.857305  3.8665  4.1481  0.6422  3.4433  3.3608  3.2926  3.1634  3.2092  3.1146  3.0315  2.8982  2.9270  2.8566  2.8344  2.7796
 139  0.858345  3.8664  4.1401  0.6504  3.4221  3.3397  3.2716  3.1425  3.1882  3.0937  3.0107  2.8772  2.9061  2.8358  2.8136  2.7586
 140  0.859371  3.8663  4.1319  0.6587  3.4010  3.3185  3.2505  3.1214  3.1671  3.0726  2.9896  2.8559  2.8849  2.8147  2.7924  2.7373
 141  0.860382  3.8661  4.1232  0.6671  3.3799  3.2974  3.2293  3.1001  3.1459  3.0513  2.9682  2.8343  2.8634  2.7932  2.7709  2.7156
 142  0.861376  3.8658  4.1141  0.6756  3.3588  3.2762  3.2080  3.0787  3.1245  3.0298  2.9466  2.8125  2.8417  2.7713  2.7489  2.6935
 143  0.862354  3.8654  4.1046  0.6841  3.3378  3.2550  3.1866  3.0572  3.1031  3.0081  2.9247  2.7903  2.8196  2.7490  2.7265  2.6708
 144  0.863314  3.8650  4.0947  0.6926  3.3170  3.2339  3.1652  3.0355  3.0815  2.9862  2.9026  2.7678  2.7973  2.7263  2.7037  2.6478
 145  0.864257  3.8644  4.0842  0.7013  3.2962  3.2127  3.1438  3.0137  3.0598  2.9642  2.8802  2.7450  2.7746  2.7032  2.6805  2.6242
 146  0.865180  3.8637  4.0732  0.7100  3.2757  3.1917  3.1224  2.9917  3.0381  2.9419  2.8576  2.7219  2.7516  2.6796  2.6567  2.6001
 147  0.866084  3.8629  4.0617  0.7187  3.2553  3.1708  3.1009  2.9697  3.0163  2.9195  2.8347  2.6984  2.7283  2.6556  2.6326  2.5755
 148  0.866968  3.8619  4.0495  0.7275  3.2353  3.1500  3.0795  2.9475  2.9945  2.8970  2.8116  2.6746  2.7047  2.6311  2.6079  2.5503
 149  0.867831  3.8608  4.0368  0.7364  3.2155  3.1293  3.0582  2.9253  2.9727  2.8743  2.7882  2.6505  2.6807  2.6061  2.5827  2.5245
 150  0.868670  3.8596  4.0234  0.7452  3.1960  3.1089  3.0370  2.9031  2.9508  2.8515  2.7646  2.6261  2.6565  2.5806  2.5570  2.4982
 151  0.869488  3.8582  4.0093  0.7541  3.1770  3.0887  3.0159  2.8808  2.9291  2.8286  2.7407  2.6013  2.6319  2.5546  2.5308  2.4713
 152  0.870282  3.8566  3.9944  0.7631  3.1585  3.0689  2.9951  2.8585  2.9074  2.8056  2.7167  2.5762  2.6070  2.5281  2.5040  2.4438
 153  0.871052  3.8549  3.9788  0.7720  3.1406  3.0494  2.9744  2.8362  2.8858  2.7825  2.6924  2.5507  2.5818  2.5011  2.4767  2.4157
 154  0.871796  3.8529  3.9625  0.7810  3.1233  3.0304  2.9541  2.8140  2.8644  2.7594  2.6680  2.5250  2.5564  2.4737  2.4489  2.3869
 155  0.872516  3.8508  3.9453  0.7899  3.1066  3.0118  2.9341  2.7920  2.8432  2.7364  2.6435  2.4991  2.5308  2.4457  2.4206  2.3576
 156  0.873210  3.8484  3.9274  0.7988  3.0907  2.9938  2.9144  2.7701  2.8222  2.7134  2.6189  2.4729  2.5049  2.4174  2.3918  2.3277
 157  0.873877  3.8459  3.9086  0.8077  3.0757  2.9763  2.8952  2.7484  2.8015  2.6905  2.5943  2.4465  2.4789  2.3887  2.3626  2.2972
 158  0.874519  3.8431  3.8890  0.8166  3.0614  2.9595  2.8763  2.7269  2.7812  2.6677  2.5696  2.4200  2.4528  2.3596  2.3330  2.2662
 159  0.875136  3.8402  3.8687  0.8254  3.0480  2.9433  2.8578  2.7057  2.7612  2.6450  2.5449  2.3933  2.4267  2.3301  2.3031  2.2348
 160  0.875732  3.8371  3.8477  0.8342  3.0353  2.9275  2.8397  2.6847  2.7414  2.6225  2.5202  2.3666  2.4004  2.3005  2.2728  2.2029
 161  0.876306  3.8338  3.8262  0.8430  3.0233  2.9122  2.8220  2.6639  2.7219  2.6001  2.4955  2.3397  2.3741  2.2706  2.2423  2.1707
 162  0.876673  3.8316  3.8117  0.8487  3.0157  2.9024  2.8106  2.6502  2.7092  2.5854  2.4793  2.3219  2.3567  2.2508  2.2222  2.1493
 163  0.877036  3.8292  3.7967  0.8545  3.0086  2.8929  2.7994  2.6367  2.6966  2.5707  2.4630  2.3040  2.3392  2.2308  2.2017  2.1275
 164  0.877393  3.8267  3.7812  0.8603  3.0019  2.8837  2.7884  2.6231  2.6841  2.5559  2.4465  2.2858  2.3214  2.2104  2.1808  2.1053
 165  0.877747  3.8241  3.7650  0.8661  2.9958  2.8748  2.7776  2.6096  2.6717  2.5411  2.4299  2.2674  2.3034  2.1897  2.1595  2.0826
 166  0.878096  3.8213  3.7483  0.8719  2.9905  2.8665  2.7672  2.5962  2.6596  2.5264  2.4133  2.2487  2.2852  2.1686  2.1379  2.0594
 167  0.878442  3.8183  3.7307  0.8776  2.9865  2.8590  2.7573  2.5831  2.6478  2.5118  2.3965  2.2297  2.2667  2.1470  2.1156  2.0354
 168  0.878783  3.8151  3.7125  0.8833  2.9837  2.8523  2.7479  2.5702  2.6363  2.4972  2.3796  2.2104  2.2481  2.1249  2.0928  2.0108
 169  0.879123  3.8117  3.6934  0.8888  2.9822  2.8467  2.7394  2.5579  2.6256  2.4832  2.3631  2.1913  2.2296  2.1028  2.0700  1.9859
 170  0.879461  3.8080  3.6735  0.8941  2.9825  2.8425  2.7320  2.5465  2.6158  2.4698  2.3471  2.1726  2.2116  2.0808  2.0472  1.9609
 171  0.879796  3.8038  3.6521  0.8990  2.9854  2.8403  2.7266  2.5365  2.6077  2.4577  2.3322  2.1547  2.1946  2.0592  2.0247  1.9359
 172  0.880130  3.7992  3.6293  0.9035  2.9912  2.8405  2.7230  2.5280  2.6012  2.4470  2.3183  2.1378  2.1785  2.0380  2.0025  1.9109
 173  0.880466  3.7942  3.6053  0.9073  3.0006  2.8436  2.7217  2.5216  2.5969  2.4381  2.3060  2.1222  2.1637  2.0179  1.9812  1.8864
 174  0.880806  3.7888  3.5809  0.9106  3.0128  2.8489  2.7226  2.5167  2.5944  2.4307  2.2951  2.1078  2.1499  1.9989  1.9609  1.8626
 175  0.881154  3.7835  3.5569  0.9136  3.0277  2.8560  2.7249  2.5126  2.5929  2.4238  2.2845  2.0932  2.1363  1.9798  1.9405  1.8388
 176  0.881504  3.7783  3.5334  0.9163  3.0454  2.8650  2.7283  2.5089  2.5920  2.4171  2.2737  2.0777  2.1224  1.9600  1.9195  1.8143
 177  0.881849  3.7733  3.5110  0.9190  3.0611  2.8728  2.7310  2.5057  2.5912  2.4113  2.2644  2.0647  2.1103  1.9427  1.9009  1.7923
 178  0.882193  3.7688  3.4904  0.9219  3.0741  2.8788  2.7324  2.5022  2.5897  2.4055  2.2557  2.0528  2.0992  1.9270  1.8840  1.7724
 179  0.882538  3.7647  3.4704  0.9256  3.0842  2.8823  2.7317  2.4968  2.5863  2.3981  2.2456  2.0400  2.0869  1.9105  1.8664  1.7519
 180  0.882869  3.7613  3.4519  0.9305  3.0883  2.8807  2.7264  2.4877  2.5787  2.3872  2.2325  2.0245  2.0720  1.8920  1.8470  1.7300
 181  0.883164  3.7587  3.4350  0.9372  3.0845  2.8725  2.7154  2.4737  2.5659  2.3718  2.2153  2.0055  2.0535  1.8708  1.8251  1.7062
 182  0.883466  3.7563  3.4168  0.9460  3.0744  2.8582  2.6985  2.4541  2.5474  2.3510  2.1930  1.9814  2.0299  1.8447  1.7983  1.6777
 183  0.883761  3.7542  3.3983  0.9563  3.0590  2.8392  2.6772  2.4305  2.5247  2.3263  2.1670  1.9540  2.0029  1.8155  1.7685  1.6464
 184  0.884050  3.7525  3.3795  0.9682  3.0383  2.8155  2.6515  2.4029  2.4979  2.2978  2.1374  1.9232  1.9724  1.7831  1.7357  1.6122
 185  0.884333  3.7509  3.3608  0.9806  3.0156  2.7899  2.6242  2.3738  2.4695  2.2679  2.1064  1.8910  1.9407  1.7497  1.7018  1.5770
 186  0.884611  3.7495  3.3419  0.9940  2.9894  2.7613  2.5940  2.3421  2.4384  2.2354  2.0731  1.8567  1.9066  1.7142  1.6659  1.5401
 187  0.884884  3.7482  3.3231  1.0080  2.9606  2.7303  2.5617  2.3084  2.4053  2.2012  2.0380  1.8207  1.8710  1.6772  1.6286  1.5018
 188  0.885154  3.7471  3.3042  1.0223  2.9310  2.6987  2.5288  2.2741  2.3716  2.1663  2.0023  1.7841  1.8347  1.6397  1.5907  1.4631
 189  0.885421  3.7460  3.2853  1.0372  2.8993  2.6651  2.4941  2.2382  2.3361  2.1297  1.9652  1.7461  1.7969  1.6009  1.5516  1.4232
 190  0.885686  3.7450  3.2664  1.0524  2.8668  2.6308  2.4587  2.2016  2.3000  2.0926  1.9274  1.7075  1.7586  1.5616  1.5120  1.3828
 191  0.885947  3.7441  3.2474  1.0679  2.8331  2.5954  2.4223  2.1641  2.2629  2.0546  1.8888  1.6680  1.7194  1.5215  1.4716  1.3417
 192  0.886207  3.7433  3.2283  1.0837  2.7983  2.5590  2.3850  2.1256  2.2249  2.0157  1.8493  1.6277  1.6793  1.4806  1.4305  1.2999
 193  0.886464  3.7425  3.2091  1.0997  2.7631  2.5222  2.3473  2.0868  2.1864  1.9764  1.8094  1.5870  1.6390  1.4393  1.3890  1.2578
 194  0.886719  3.7417  3.1899  1.1160  2.7269  2.4845  2.3087  2.0472  2.1472  1.9364  1.7688  1.5457  1.5979  1.3975  1.3469  1.2150
 195  0.886972  3.7409  3.1705  1.1325  2.6900  2.4461  2.2695  2.0070  2.1074  1.8957  1.7276  1.5037  1.5562  1.3550  1.3041  1.1717
 196  0.887222  3.7402  3.1509  1.1492  2.6525  2.4072  2.2297  1.9663  2.0670  1.8545  1.6859  1.4613  1.5140  1.3120  1.2610  1.1280
 197  0.887471  3.7395  3.1313  1.1662  2.6143  2.3676  2.1893  1.9250  2.0261  1.8128  1.6437  1.4184  1.4714  1.2687  1.2174  1.0838
 198  0.887716  3.7388  3.1114  1.1834  2.5751  2.3272  2.1481  1.8829  1.9843  1.7703  1.6008  1.3748  1.4280  1.2246  1.1731  1.0389
 199  0.887956  3.7381  3.0910  1.2012  2.5347  2.2855  2.1056  1.8396  1.9413  1.7266  1.5566  1.3300  1.3834  1.1793  1.1275  0.9928
 200  0.888188  3.7374  3.0701  1.2195  2.4930  2.2425  2.0618  1.7949  1.8970  1.6815  1.5111  1.2838  1.3375  1.1326  1.0806  0.9453
 201  0.888415  3.7367  3.0486  1.2383  2.4501  2.1983  2.0168  1.7491  1.8515  1.6353  1.4644  1.2365  1.2904  1.0848  1.0326  0.8967
 202  0.888636  3.7361  3.0268  1.2575  2.4062  2.1530  1.9708  1.7023  1.8049  1.5881  1.4167  1.1882  1.2422  1.0359  0.9835  0.8470
 203  0.888850  3.7354  3.0045  1.2771  2.3612  2.1067  1.9237  1.6543  1.7573  1.5397  1.3679  1.1387  1.1930  0.9859  0.9333  0.7962
 204  0.889059  3.7346  2.9816  1.2971  2.3156  2.0597  1.8759  1.6057  1.7090  1.4906  1.3183  1.0885  1.1431  0.9352  0.8823  0.7446
 205  0.889262  3.7338  2.9581  1.3174  2.2694  2.0120  1.8274  1.5562  1.6598  1.4407  1.2679  1.0375  1.0922  0.8835  0.8304  0.6920
 206  0.889459  3.7330  2.9344  1.3381  2.2224  1.9635  1.7780  1.5060  1.6099  1.3901  1.2168  0.9857  1.0407  0.8311  0.7777  0.6387
 207  0.889652  3.7322  2.9103  1.3590  2.1748  1.9144  1.7280  1.4550  1.5593  1.3387  1.1649  0.9332  0.9884  0.7779  0.7243  0.5845
 208  0.889839  3.7314  2.8860  1.3803  2.1264  1.8646  1.6773  1.4034  1.5081  1.2866  1.1123  0.8800  0.9354  0.7241  0.6702  0.5298
 209  0.890021  3.7306  2.8612  1.4018  2.0776  1.8142  1.6259  1.3511  1.4561  1.2339  1.0591  0.8260  0.8817  0.6695  0.6153  0.4743
 210  0.890197  3.7297  2.8362  1.4235  2.0282  1.7632  1.5741  1.2983  1.4036  1.1806  1.0053  0.7716  0.8274  0.6143  0.5599  0.4181
 211  0.890368  3.7289  2.8108  1.4456  1.9785  1.7118  1.5216  1.2448  1.3506  1.1266  0.9508  0.7164  0.7725  0.5585  0.5038  0.3612
 212  0.890534  3.7280  2.7851  1.4678  1.9283  1.6599  1.4688  1.1909  1.2970  1.0723  0.8959  0.6608  0.7171  0.5022  0.4472  0.3039
 213  0.890695  3.7271  2.7592  1.4902  1.8777  1.6075  1.4155  1.1365  1.2430  1.0173  0.8404  0.6047  0.6611  0.4452  0.3899  0.2459
 214  0.890850  3.7262  2.7329  1.5129  1.8269  1.5548  1.3618  1.0816  1.1886  0.9620  0.7844  0.5480  0.6047  0.3878  0.3322  0.1874
 215  0.891000  3.7252  2.7063  1.5358  1.7757  1.5017  1.3076  1.0263  1.1336  0.9061  0.7280  0.4909  0.5477  0.3297  0.2739  0.1283
 216  0.891146  3.7243  2.6796  1.5588  1.7241  1.4482  1.2531  0.9705  1.0783  0.8498  0.6711  0.4333  0.4904  0.2713  0.2151  0.0688
 217  0.891171  3.7241  2.6749  1.5629  1.7149  1.4388  1.2434  0.9607  1.0685  0.8399  0.6610  0.4231  0.4802  0.2610  0.2048  0.0583
 218  0.891196  3.7240  2.6701  1.5670  1.7057  1.4292  1.2337  0.9507  1.0587  0.8298  0.6509  0.4128  0.4700  0.2506  0.1943  0.0476
 219  0.891221  3.7238  2.6653  1.5711  1.6966  1.4197  1.2240  0.9408  1.0488  0.8198  0.6408  0.4026  0.4598  0.2402  0.1838  0.0370
 220  0.891246  3.7236  2.6605  1.5753  1.6874  1.4102  1.2142  0.9308  1.0389  0.8097  0.6305  0.3923  0.4495  0.2296  0.1732  0.0263
 221  0.891270  3.7234  2.6556  1.5795  1.6782  1.4005  1.2044  0.9207  1.0289  0.7995  0.6202  0.3818  0.4391  0.2191  0.1626  0.0155
 222  0.891295  3.7233  2.6509  1.5836  1.6690  1.3910  1.1947  0.9108  1.0191  0.7895  0.6101  0.3716  0.4289  0.2086  0.1521  0.0049
 223  0.891320  3.7231  2.6460  1.5878  1.6596  1.3813  1.1847  0.9006  1.0090  0.7792  0.5997  0.3611  0.4184  0.1980  0.1414 -0.0060
 224  0.891344  3.7229  2.6410  1.5920  1.6503  1.3715  1.1748  0.8905  0.9989  0.7689  0.5893  0.3505  0.4079  0.1873  0.1306 -0.0169
 225  0.891369  3.7227  2.6361  1.5962  1.6409  1.3618  1.1648  0.8803  0.9888  0.7586  0.5789  0.3400  0.3974  0.1766  0.1199 -0.0278
 226  0.891393  3.7226  2.6312  1.6005  1.6316  1.3521  1.1549  0.8701  0.9787  0.7484  0.5685  0.3295  0.3869  0.1659  0.1091 -0.0387
 227  0.891623  3.7208  2.5825  1.6423  1.5392  1.2558  1.0565  0.7694  0.8789  0.6466  0.4656  0.2252  0.2831  0.0600  0.0026 -0.1467
 228  0.891835  3.7190  2.5337  1.6839  1.4477  1.1603  0.9587  0.6692  0.7796  0.5454  0.3631  0.1214  0.1798 -0.0456 -0.1035 -0.2545
 229  0.892029  3.7172  2.4855  1.7250  1.3585  1.0669  0.8628  0.5708  0.6822  0.4459  0.2623  0.0192  0.0781 -0.1496 -0.2082 -0.3607
 230  0.892197  3.7153  2.4402  1.7630  1.2773  0.9812  0.7747  0.4800  0.5924  0.3539  0.1690 -0.0755 -0.0163 -0.2462 -0.3054 -0.4595
 231  0.892363  3.7134  2.3921  1.8033  1.1918  0.8909  0.6818  0.3841  0.4976  0.2568  0.0704 -0.1757 -0.1161 -0.3484 -0.4083 -0.5642
 232  0.892516  3.7114  2.3440  1.8434  1.1075  0.8015  0.5898  0.2889  0.4036  0.1603 -0.0276 -0.2753 -0.2153 -0.4501 -0.5107 -0.6684
 233  0.892656  3.7094  2.2967  1.8828  1.0253  0.7143  0.4999  0.1958  0.3117  0.0659 -0.1236 -0.3728 -0.3125 -0.5498 -0.6111 -0.7706
 234  0.892785  3.7074  2.2500  1.9216  0.9449  0.6287  0.4117  0.1043  0.2214 -0.0270 -0.2180 -0.4688 -0.4083 -0.6481 -0.7101 -0.8714
 235  0.892907  3.7053  2.2021  1.9613  0.8635  0.5417  0.3219  0.0111  0.1295 -0.1216 -0.3143 -0.5667 -0.5059 -0.7484 -0.8112 -0.9744
 236  0.893015  3.7033  2.1571  1.9984  0.7879  0.4608  0.2383 -0.0759  0.0437 -0.2100 -0.4043 -0.6582 -0.5971 -0.8423 -0.9057 -1.0707
 237  0.893118  3.7013  2.1112  2.0362  0.7114  0.3788  0.1535 -0.1643 -0.0434 -0.2998 -0.4958 -0.7512 -0.6898 -0.9378 -1.0020 -1.1689
 238  0.893212  3.6993  2.0664  2.0730  0.6377  0.2994  0.0714 -0.2499 -0.1277 -0.3869 -0.5846 -0.8414 -0.7799 -1.0306 -1.0956 -1.2643
 239  0.893301  3.6972  2.0211  2.1101  0.5643  0.2201 -0.0108 -0.3358 -0.2123 -0.4743 -0.6737 -0.9321 -0.8703 -1.1239 -1.1896 -1.3603
 240  0.893383  3.6952  1.9774  2.1456  0.4950  0.1449 -0.0889 -0.4176 -0.2927 -0.5577 -0.7588 -1.0187 -0.9566 -1.2132 -1.2797 -1.4523
 241  0.893460  3.6931  1.9349  2.1800  0.4291  0.0730 -0.1636 -0.4962 -0.3699 -0.6378 -0.8406 -1.1020 -1.0398 -1.2992 -1.3666 -1.5412
 242  0.893531  3.6913  1.8974  2.2101  0.3717  0.0101 -0.2290 -0.5650 -0.4375 -0.7080 -0.9124 -1.1750 -1.1128 -1.3748 -1.4428 -1.6193
 243  0.893597  3.6901  1.8716  2.2312  0.3314 -0.0339 -0.2747 -0.6130 -0.4846 -0.7569 -0.9624 -1.2259 -1.1636 -1.4273 -1.4959 -1.6735
 244  0.893663  3.6901  1.8698  2.2332  0.3258 -0.0393 -0.2801 -0.6183 -0.4900 -0.7622 -0.9676 -1.2311 -1.1688 -1.4324 -1.5009 -1.6785
 245  0.893733  3.6901  1.8651  2.2380  0.3136 -0.0515 -0.2923 -0.6305 -0.5022 -0.7744 -0.9798 -1.2433 -1.1810 -1.4446 -1.5131 -1.6907
 246  0.893803  3.6874  1.8120  2.2802  0.2361 -0.1373 -0.3818 -0.7254 -0.5952 -0.8714 -1.0792 -1.3446 -1.2822 -1.5498 -1.6194 -1.7996
 247  0.893867  3.6848  1.7613  2.3206  0.1619 -0.2196 -0.4676 -0.8162 -0.6842 -0.9644 -1.1744 -1.4416 -1.3792 -1.6504 -1.7211 -1.9039
 248  0.893925  3.6823  1.7120  2.3599  0.0905 -0.2988 -0.5502 -0.9040 -0.7702 -1.0542 -1.2665 -1.5354 -1.4731 -1.7480 -1.8197 -2.0050
 249  0.893979  3.6799  1.6639  2.3982  0.0217 -0.3755 -0.6303 -0.9892 -0.8536 -1.1415 -1.3560 -1.6266 -1.5643 -1.8429 -1.9156 -2.1035
 250  0.894027  3.6775  1.6174  2.4351 -0.0437 -0.4487 -0.7069 -1.0708 -0.9335 -1.2252 -1.4420 -1.7141 -1.6520 -1.9342 -2.0079 -2.1983
 251  0.894073  3.6751  1.5711  2.4719 -0.1079 -0.5210 -0.7826 -1.1518 -1.0125 -1.3083 -1.5274 -1.8011 -1.7391 -2.0250 -2.0998 -2.2927
 252  0.894115  3.6727  1.5257  2.5080 -0.1700 -0.5912 -0.8562 -1.2307 -1.0896 -1.3894 -1.6108 -1.8861 -1.8244 -2.1140 -2.1897 -2.3851
 253  0.894153  3.6704  1.4816  2.5428 -0.2283 -0.6578 -0.9262 -1.3061 -1.1632 -1.4672 -1.6909 -1.9678 -1.9063 -2.1996 -2.2764 -2.4742
 254  0.894188  3.6680  1.4379  2.5769 -0.2837 -0.7218 -0.9936 -1.3794 -1.2344 -1.5428 -1.7690 -2.0474 -1.9861 -2.2833 -2.3612 -2.5617
 255  0.894220  3.6657  1.3950  2.6104 -0.3371 -0.7839 -1.0591 -1.4507 -1.3037 -1.6165 -1.8451 -2.1250 -2.0641 -2.3652 -2.4442 -2.6472
 256  0.894251  3.6633  1.3523  2.6437 -0.3890 -0.8447 -1.1234 -1.5210 -1.3720 -1.6893 -1.9205 -2.2018 -2.1413 -2.4464 -2.5265 -2.7321
 257  0.894279  3.6610  1.3110  2.6758 -0.4384 -0.9029 -1.1849 -1.5885 -1.4375 -1.7593 -1.9929 -2.2755 -2.2154 -2.5246 -2.6057 -2.8139
 258  0.894305  3.6587  1.2705  2.7073 -0.4856 -0.9589 -1.2441 -1.6539 -1.5008 -1.8272 -2.0633 -2.3472 -2.2875 -2.6008 -2.6829 -2.8938
 259  0.894330  3.6565  1.2307  2.7381 -0.5310 -1.0131 -1.3016 -1.7175 -1.5624 -1.8933 -2.1319 -2.4171 -2.3578 -2.6752 -2.7584 -2.9719
 260  0.894352  3.6543  1.1918  2.7682 -0.5745 -1.0654 -1.3572 -1.7792 -1.6220 -1.9575 -2.1986 -2.4851 -2.4262 -2.7477 -2.8321 -3.0481
 261  0.894374  3.6521  1.1530  2.7981 -0.6168 -1.1165 -1.4116 -1.8398 -1.6805 -2.0207 -2.2643 -2.5520 -2.4937 -2.8194 -2.9048 -3.1235
 262  0.894393  3.6499  1.1151  2.8274 -0.6572 -1.1657 -1.4641 -1.8982 -1.7369 -2.0818 -2.3279 -2.6168 -2.5591 -2.8890 -2.9756 -3.1969
 263  0.894412  3.6477  1.0779  2.8560 -0.6957 -1.2129 -1.5146 -1.9548 -1.7913 -2.1411 -2.3897 -2.6797 -2.6227 -2.9568 -3.0445 -3.2685
 264  0.894429  3.6456  1.0414  2.8840 -0.7323 -1.2582 -1.5631 -2.0093 -1.8439 -2.1984 -2.4495 -2.7407 -2.6843 -3.0227 -3.1116 -3.3382
 265  0.894446  3.6435  1.0057  2.9113 -0.7673 -1.3018 -1.6099 -2.0622 -1.8946 -2.2540 -2.5076 -2.7999 -2.7442 -3.0869 -3.1769 -3.4062
 266  0.894461  3.6414  0.9701  2.9383 -0.7998 -1.3434 -1.6550 -2.1137 -1.9438 -2.3084 -2.5646 -2.8582 -2.8031 -3.1502 -3.2413 -3.4734
 267  0.894475  3.6392  0.9351  2.9647 -0.8301 -1.3830 -1.6982 -2.1634 -1.9912 -2.3610 -2.6199 -2.9147 -2.8604 -3.2118 -3.3040 -3.5389
 268  0.894489  3.6371  0.9004  2.9907 -0.8591 -1.4213 -1.7401 -2.2120 -2.0374 -2.4126 -2.6741 -2.9703 -2.9167 -3.2724 -3.3659 -3.6035
 269  0.894502  3.6350  0.8668  3.0159 -0.8862 -1.4576 -1.7798 -2.2585 -2.0815 -2.4620 -2.7262 -3.0237 -2.9708 -3.3308 -3.4254 -3.6657
 270  0.894514  3.6329  0.8334  3.0410 -0.9121 -1.4930 -1.8187 -2.3043 -2.1249 -2.5108 -2.7777 -3.0766 -3.0244 -3.3887 -3.4845 -3.7276
 271  0.894525  3.6308  0.8006  3.0656 -0.9367 -1.5269 -1.8560 -2.3487 -2.1667 -2.5582 -2.8278 -3.1281 -3.0766 -3.4452 -3.5422 -3.7880
 272  0.894536  3.6288  0.7685  3.0896 -0.9596 -1.5593 -1.8917 -2.3915 -2.2070 -2.6040 -2.8763 -3.1780 -3.1272 -3.5002 -3.5983 -3.8468
 273  0.894546  3.6268  0.7369  3.1132 -0.9817 -1.5906 -1.9263 -2.4333 -2.2462 -2.6488 -2.9238 -3.2269 -3.1767 -3.5541 -3.6534 -3.9046
 274  0.894556  3.6249  0.7062  3.1362 -1.0024 -1.6204 -1.9593 -2.4735 -2.2839 -2.6921 -2.9697 -3.2743 -3.2247 -3.6064 -3.7069 -3.9607
 275  0.894565  3.6229  0.6759  3.1588 -1.0220 -1.6492 -1.9912 -2.5127 -2.3205 -2.7343 -3.0145 -3.3206 -3.2716 -3.6576 -3.7592 -4.0157
 276  0.894574  3.6211  0.6465  3.1808 -1.0406 -1.6766 -2.0219 -2.5504 -2.3557 -2.7750 -3.0579 -3.3654 -3.3170 -3.7072 -3.8100 -4.0691
 277  0.894582  3.6193  0.6178  3.2023 -1.0583 -1.7031 -2.0515 -2.5870 -2.3897 -2.8147 -3.1001 -3.4091 -3.3612 -3.7556 -3.8595 -4.1211
 278  0.894590  3.6175  0.5900  3.2231 -1.0749 -1.7282 -2.0796 -2.6221 -2.4224 -2.8528 -3.1407 -3.4512 -3.4037 -3.8023 -3.9072 -4.1714
 279  0.894598  3.6159  0.5642  3.2425 -1.0900 -1.7513 -2.1054 -2.6545 -2.4524 -2.8880 -3.1783 -3.4903 -3.4432 -3.8456 -3.9516 -4.2181