EEP   M/Mo    LogTeff  LogG   LogL/Lo F435W   F475W   F502N   F550M   F555W   F606W   F625W   F658N   F660N   F775W   F814W   F850LP  
   3  0.105769  3.5171  5.3296 -2.8453 15.5786 14.7137 14.6982 13.3911 13.7739 13.1782 12.8430 12.1334 12.1624 11.5197 11.3408 10.9538
   4  0.117822  3.5204  5.2761 -2.7320 15.2117 14.3652 14.3322 13.0542 13.4311 12.8415 12.5053 11.8281 11.8591 11.2258 11.0510 10.6697
   5  0.132406  3.5240  5.2202 -2.6110 14.8214 13.9939 13.9433 12.6966 13.0667 12.4831 12.1459 11.5018 11.5348 10.9116 10.7412 10.3659
   6  0.155248  3.5300  5.1589 -2.4564 14.3033 13.5026 13.4289 12.2284 12.5875 12.0116 11.6732 11.0747 11.1106 10.5051 10.3418  9.9767
   7  0.194821  3.5422  5.1046 -2.2549 13.5708 12.8137 12.7068 11.5840 11.9241 11.3580 11.0184 10.4885 10.5298  9.9609  9.8104  9.4657
   8  0.244894  3.5530  5.0554 -2.0633 12.9087 12.1858 12.0557 10.9980 11.3214 10.7622 10.4225  9.9439  9.9891  9.4497  9.3093  8.9819
   9  0.289023  3.5599  5.0219 -1.9302 12.4654 11.7627 11.6191 10.6017 10.9150 10.3603 10.0210  9.5716  9.6190  9.0979  8.9637  8.6468
  10  0.306263  3.5624  5.0059 -1.8789 12.2982 11.6025 11.4540 10.4514 10.7610 10.2082  9.8690  9.4299  9.4781  8.9635  8.8315  8.5184
  11  0.314168  3.5635  4.9965 -1.8542 12.2196 11.5269 11.3762 10.3802 10.6882 10.1361  9.7971  9.3624  9.4109  8.8991  8.7680  8.4565
  12  0.318907  3.5641  4.9898 -1.8385 12.1706 11.4797 11.3276 10.3355 10.6425 10.0910  9.7520  9.3199  9.3686  8.8583  8.7278  8.4172
  13  0.322482  3.5645  4.9843 -1.8263 12.1327 11.4432 11.2901 10.3009 10.6072 10.0560  9.7171  9.2870  9.3357  8.8266  8.6966  8.3866
  14  0.325488  3.5649  4.9793 -1.8157 12.1001 11.4117 11.2577 10.2710 10.5768 10.0258  9.6870  9.2585  9.3073  8.7992  8.6695  8.3601
  15  0.328622  3.5653  4.9742 -1.8048 12.0669 11.3795 11.2247 10.2405 10.5456  9.9950  9.6563  9.2294  9.2783  8.7712  8.6418  8.3330
  16  0.332490  3.5658  4.9686 -1.7922 12.0277 11.3418 11.1859 10.2048 10.5091  9.9589  9.6202  9.1953  9.2444  8.7385  8.6095  8.3014
  17  0.337721  3.5665  4.9620 -1.7760 11.9771 11.2930 11.1357 10.1586 10.4620  9.9124  9.5738  9.1514  9.2007  8.6965  8.5681  8.2610
  18  0.348085  3.5679  4.9513 -1.7465 11.8819 11.2015 11.0415 10.0727 10.3741  9.8257  9.4873  9.0701  9.1197  8.6193  8.4921  8.1871
  19  0.426133  3.5830  4.8727 -1.5196 11.1027 10.4579 10.2715  9.3838  9.6667  9.1353  8.8017  8.4264  8.4798  8.0185  7.9029  7.6190
  20  0.441140  3.5869  4.8542 -1.4709 10.9300 10.2935 10.1006  9.2328  9.5115  8.9860  8.6543  8.2867  8.3408  7.8891  7.7761  7.4971
  21  0.457318  3.5913  4.8341 -1.4172 10.7369 10.1102  9.9099  9.0650  9.3390  8.8210  8.4918  8.1320  8.1869  7.7464  7.6363  7.3631
  22  0.473215  3.5962  4.8140 -1.3628 10.5390  9.9224  9.7146  8.8936  9.1628  8.6535  8.3274  7.9749  8.0305  7.6019  7.4948  7.2277
  23  0.487212  3.6009  4.7966 -1.3141 10.3587  9.7517  9.5371  8.7383  9.0031  8.5028  8.1798  7.8335  7.8896  7.4725  7.3682  7.1068
  24  0.498911  3.6051  4.7830 -1.2732 10.2047  9.6061  9.3860  8.6064  8.8674  8.3754  8.0554  7.7144  7.7707  7.3640  7.2622  7.0060
  25  0.508153  3.6087  4.7730 -1.2407 10.0803  9.4888  9.2643  8.5003  8.7583  8.2736  7.9563  7.6194  7.6758  7.2780  7.1782  6.9264
  26  0.515334  3.6117  4.7656 -1.2153  9.9813  9.3955  9.1677  8.4164  8.6719  8.1933  7.8783  7.5447  7.6011  7.2107  7.1126  6.8643
  27  0.521271  3.6143  4.7596 -1.1939  9.8975  9.3166  9.0860  8.3455  8.5989  8.1258  7.8128  7.4820  7.5383  7.1543  7.0576  6.8125
  28  0.526891  3.6169  4.7541 -1.1736  9.8168  9.2408  9.0074  8.2775  8.5288  8.0612  7.7503  7.4222  7.4783  7.1006  7.0053  6.7633
  29  0.533258  3.6198  4.7484 -1.1508  9.7251  9.1546  8.9183  8.2006  8.4495  7.9884  7.6799  7.3550  7.4108  7.0405  6.9467  6.7082
  30  0.541703  3.6239  4.7417 -1.1210  9.6033  9.0403  8.7999  8.0990  8.3446  7.8925  7.5876  7.2669  7.3222  6.9620  6.8704  6.6367
  31  0.554218  3.6301  4.7327 -1.0772  9.4197  8.8682  8.6215  7.9469  8.1873  7.7495  7.4503  7.1369  7.1909  6.8467  6.7585  6.5323
  32  0.572621  3.6403  4.7221 -1.0116  9.1344  8.6013  8.3438  7.7146  7.9454  7.5319  7.2430  6.9414  6.9928  6.6741  6.5912  6.3771
  33  0.595288  3.6537  4.7119 -0.9311  8.7716  8.2608  7.9841  7.4266  7.6407  7.2604  6.9871  6.7010  6.7494  6.4601  6.3833  6.1838
  34  0.618189  3.6671  4.7033 -0.8525  8.4171  7.9278  7.6326  7.1506  7.3449  6.9977  6.7418  6.4698  6.5159  6.2510  6.1795  5.9931
  35  0.644227  3.6822  4.6951 -0.7658  8.0341  7.5695  7.2647  6.8559  7.0276  6.7151  6.4791  6.2211  6.2650  6.0223  5.9560  5.7833
  36  0.675792  3.6993  4.6838 -0.6653  7.6149  7.1835  6.8866  6.5342  6.6845  6.4044  6.1882  5.9437  5.9856  5.7630  5.7026  5.5452
  37  0.865968  3.7769  4.5822 -0.1459  5.7432  5.5081  5.3285  5.0959  5.1895  5.0074  4.8567  4.6756  4.7034  4.5472  4.5097  4.4124
  38  0.879727  3.7809  4.5710 -0.1115  5.6354  5.4099  5.2367  5.0088  5.1002  4.9222  4.7745  4.5966  4.6236  4.4708  4.4343  4.3397
  39  0.892214  3.7846  4.5605 -0.0804  5.5388  5.3217  5.1540  4.9303  5.0197  4.8454  4.7003  4.5252  4.5516  4.4017  4.3661  4.2739
  40  0.906498  3.7887  4.5491 -0.0457  5.4316  5.2236  5.0620  4.8430  4.9303  4.7599  4.6177  4.4458  4.4715  4.3251  4.2904  4.2008
  41  0.920599  3.7927  4.5381 -0.0119  5.3277  5.1282  4.9725  4.7582  4.8433  4.6769  4.5376  4.3686  4.3937  4.2507  4.2170  4.1300
  42  0.934576  3.7966  4.5272  0.0212  5.2266  5.0352  4.8849  4.6752  4.7583  4.5957  4.4591  4.2931  4.3176  4.1780  4.1452  4.0606
  43  0.949042  3.8005  4.5156  0.0551  5.1243  4.9407  4.7957  4.5906  4.6716  4.5128  4.3789  4.2158  4.2398  4.1035  4.0716  3.9894
  44  0.964072  3.8043  4.5028  0.0899  5.0207  4.8443  4.7043  4.5038  4.5828  4.4276  4.2965  4.1359  4.1596  4.0266  3.9956  3.9157
  45  0.979678  3.8081  4.4891  0.1257  4.9155  4.7461  4.6107  4.4147  4.4917  4.3402  4.2117  4.0537  4.0769  3.9475  3.9172  3.8395
  46  0.996006  3.8119  4.4748  0.1626  4.8076  4.6449  4.5141  4.3227  4.3978  4.2498  4.1241  3.9684  3.9913  3.8656  3.8362  3.7607
  47  1.012378  3.8158  4.4607  0.1992  4.7009  4.5446  4.4183  4.2314  4.3045  4.1603  4.0373  3.8839  3.9065  3.7847  3.7560  3.6828
  48  1.028424  3.8195  4.4470  0.2347  4.5978  4.4475  4.3252  4.1428  4.2141  4.0733  3.9530  3.8017  3.8241  3.7060  3.6782  3.6070
  49  1.045850  3.8236  4.4327  0.2725  4.4882  4.3441  4.2262  4.0486  4.1177  3.9808  3.8634  3.7145  3.7367  3.6227  3.5957  3.5267
  50  1.066134  3.8285  4.4179  0.3152  4.3641  4.2270  4.1141  3.9422  4.0089  3.8765  3.7625  3.6164  3.6386  3.5295  3.5034  3.4370
  51  1.087556  3.8337  4.4036  0.3592  4.2359  4.1061  3.9982  3.8325  3.8965  3.7690  3.6588  3.5158  3.5378  3.4341  3.4090  3.3453
  52  1.097432  3.8362  4.3971  0.3793  4.1774  4.0507  3.9451  3.7821  3.8450  3.7198  3.6113  3.4696  3.4915  3.3904  3.3657  3.3033
  53  1.106276  3.8384  4.3912  0.3974  4.1251  4.0011  3.8976  3.7370  3.7989  3.6756  3.5687  3.4282  3.4500  3.3513  3.3270  3.2657
  54  1.113388  3.8401  4.3863  0.4120  4.0827  3.9610  3.8590  3.7005  3.7615  3.6399  3.5342  3.3946  3.4164  3.3196  3.2956  3.2352
  55  1.119289  3.8416  4.3821  0.4244  4.0470  3.9271  3.8264  3.6696  3.7298  3.6096  3.5050  3.3662  3.3880  3.2928  3.2691  3.2093
  56  1.124679  3.8429  4.3781  0.4359  4.0139  3.8956  3.7962  3.6409  3.7005  3.5816  3.4780  3.3400  3.3617  3.2680  3.2445  3.1854
  57  1.130680  3.8444  4.3738  0.4484  3.9775  3.8611  3.7630  3.6096  3.6684  3.5509  3.4484  3.3112  3.3329  3.2409  3.2176  3.1592
  58  1.140774  3.8469  4.3676  0.4684  3.9190  3.8058  3.7100  3.5597  3.6172  3.5021  3.4016  3.2661  3.2875  3.1984  3.1756  3.1183
  59  1.229470  3.8714  4.3266  0.6402  3.4137  3.3280  3.2529  3.1317  3.1767  3.0854  3.0038  2.8817  2.9030  2.8432  2.8238  2.7761
  60  1.234761  3.8730  4.3248  0.6503  3.3841  3.3000  3.2261  3.1066  3.1509  3.0610  2.9807  2.8592  2.8806  2.8228  2.8036  2.7564
  61  1.245002  3.8761  4.3228  0.6681  3.3314  3.2502  3.1788  3.0626  3.1054  3.0183  2.9403  2.8202  2.8417  2.7877  2.7689  2.7227
  62  1.357054  3.9058  4.2816  0.8657  2.7693  2.7149  2.6660  2.5802  2.6093  2.5485  2.4930  2.3807  2.4066  2.3913  2.3748  2.3357
  63  1.383243  3.9115  4.2663  0.9120  2.6402  2.5913  2.5470  2.4676  2.4940  2.4386  2.3879  2.2779  2.3049  2.2968  2.2805  2.2423
  64  1.399772  3.9148  4.2564  0.9400  2.5627  2.5169  2.4756  2.3995  2.4243  2.3721  2.3242  2.2147  2.2427  2.2392  2.2229  2.1849
  65  1.410657  3.9166  4.2493  0.9579  2.5138  2.4698  2.4302  2.3561  2.3799  2.3295  2.2831  2.1737  2.2024  2.2016  2.1854  2.1473
  66  1.418897  3.9178  4.2428  0.9716  2.4768  2.4340  2.3956  2.3226  2.3458  2.2966  2.2513  2.1417  2.1709  2.1720  2.1557  2.1176
  67  1.425807  3.9186  4.2363  0.9834  2.4452  2.4033  2.3658  2.2937  2.3165  2.2680  2.2235  2.1137  2.1434  2.1459  2.1295  2.0912
  68  1.432115  3.9192  4.2297  0.9944  2.4160  2.3749  2.3380  2.2667  2.2891  2.2413  2.1974  2.0874  2.1175  2.1210  2.1045  2.0662
  69  1.438291  3.9197  4.2229  1.0051  2.3875  2.3471  2.3108  2.2401  2.2622  2.2150  2.1716  2.0615  2.0918  2.0963  2.0798  2.0413
  70  1.444625  3.9202  4.2157  1.0161  2.3585  2.3187  2.2830  2.2130  2.2347  2.1880  2.1451  2.0348  2.0655  2.0709  2.0543  2.0157
  71  1.451272  3.9206  4.2080  1.0276  2.3283  2.2891  2.2540  2.1845  2.2059  2.1598  2.1174  2.0069  2.0380  2.0442  2.0275  1.9887
  72  1.457805  3.9210  4.2001  1.0389  2.2985  2.2598  2.2252  2.1563  2.1775  2.1319  2.0899  1.9793  2.0106  2.0176  2.0008  1.9618
  73  1.464166  3.9212  4.1918  1.0499  2.2698  2.2315  2.1973  2.1288  2.1498  2.1045  2.0628  1.9520  1.9836  1.9911  1.9742  1.9350
  74  1.470399  3.9212  4.1831  1.0607  2.2420  2.2039  2.1700  2.1018  2.1226  2.0775  2.0360  1.9251  1.9568  1.9647  1.9477  1.9083
  75  1.476333  3.9212  4.1741  1.0712  2.2149  2.1771  2.1433  2.0753  2.0960  2.0510  2.0097  1.8986  1.9305  1.9385  1.9215  1.8819
  76  1.482409  3.9210  4.1647  1.0817  2.1879  2.1502  2.1164  2.0485  2.0692  2.0242  1.9829  1.8717  1.9037  1.9117  1.8946  1.8547
  77  1.488495  3.9207  4.1548  1.0922  2.1609  2.1232  2.0893  2.0214  2.0421  1.9971  1.9557  1.8445  1.8765  1.8845  1.8672  1.8271
  78  1.494740  3.9204  4.1443  1.1030  2.1335  2.0956  2.0617  1.9937  2.0145  1.9693  1.9278  1.8164  1.8485  1.8563  1.8389  1.7985
  79  1.501167  3.9199  4.1331  1.1142  2.1053  2.0673  2.0331  1.9650  1.9859  1.9405  1.8988  1.7873  1.8194  1.8268  1.8094  1.7687
  80  1.508004  3.9193  4.1210  1.1259  2.0757  2.0374  2.0030  1.9347  1.9556  1.9100  1.8680  1.7564  1.7885  1.7954  1.7779  1.7368
  81  1.515043  3.9186  4.1079  1.1381  2.0452  2.0065  1.9716  1.9030  1.9242  1.8781  1.8358  1.7240  1.7560  1.7623  1.7446  1.7032
  82  1.519367  3.9180  4.0994  1.1457  2.0265  1.9875  1.9523  1.8833  1.9047  1.8582  1.8156  1.7037  1.7357  1.7415  1.7237  1.6821
  83  1.523703  3.9174  4.0907  1.1532  2.0079  1.9685  1.9329  1.8636  1.8852  1.8383  1.7954  1.6833  1.7153  1.7205  1.7026  1.6608
  84  1.527997  3.9167  4.0817  1.1607  1.9897  1.9499  1.9138  1.8441  1.8658  1.8186  1.7752  1.6630  1.6948  1.6994  1.6814  1.6393
  85  1.532217  3.9160  4.0726  1.1680  1.9719  1.9316  1.8950  1.8248  1.8468  1.7990  1.7551  1.6427  1.6745  1.6783  1.6602  1.6179
  86  1.536357  3.9152  4.0634  1.1752  1.9548  1.9138  1.8767  1.8058  1.8282  1.7798  1.7354  1.6227  1.6544  1.6574  1.6392  1.5967
  87  1.540423  3.9143  4.0541  1.1822  1.9383  1.8967  1.8589  1.7874  1.8100  1.7610  1.7160  1.6030  1.6346  1.6368  1.6185  1.5757
  88  1.544398  3.9134  4.0448  1.1890  1.9225  1.8802  1.8417  1.7694  1.7924  1.7426  1.6970  1.5837  1.6152  1.6165  1.5981  1.5549
  89  1.548233  3.9124  4.0354  1.1955  1.9073  1.8643  1.8250  1.7519  1.7753  1.7248  1.6784  1.5646  1.5961  1.5964  1.5779  1.5345
  90  1.551953  3.9114  4.0260  1.2018  1.8930  1.8490  1.8090  1.7349  1.7588  1.7074  1.6603  1.5460  1.5774  1.5767  1.5581  1.5143
  91  1.555547  3.9103  4.0164  1.2079  1.8794  1.8345  1.7936  1.7185  1.7428  1.6905  1.6426  1.5277  1.5591  1.5573  1.5386  1.4944
  92  1.559033  3.9091  4.0067  1.2139  1.8663  1.8205  1.7787  1.7024  1.7272  1.6739  1.6252  1.5096  1.5409  1.5381  1.5192  1.4746
  93  1.562451  3.9078  3.9968  1.2196  1.8539  1.8069  1.7642  1.6867  1.7120  1.6577  1.6079  1.4916  1.5230  1.5189  1.4998  1.4549
  94  1.565818  3.9065  3.9866  1.2253  1.8419  1.7938  1.7499  1.6711  1.6971  1.6416  1.5908  1.4737  1.5051  1.4996  1.4804  1.4351
  95  1.569156  3.9051  3.9763  1.2309  1.8301  1.7807  1.7359  1.6557  1.6822  1.6255  1.5737  1.4558  1.4872  1.4803  1.4610  1.4152
  96  1.572485  3.9036  3.9657  1.2366  1.8185  1.7678  1.7218  1.6403  1.6674  1.6095  1.5566  1.4379  1.4693  1.4609  1.4414  1.3952
  97  1.575814  3.9020  3.9548  1.2422  1.8069  1.7550  1.7078  1.6248  1.6526  1.5934  1.5394  1.4199  1.4512  1.4413  1.4216  1.3750
  98  1.579187  3.9004  3.9437  1.2478  1.7955  1.7422  1.6937  1.6093  1.6378  1.5772  1.5220  1.4019  1.4331  1.4214  1.4016  1.3545
  99  1.582621  3.8988  3.9324  1.2535  1.7841  1.7293  1.6796  1.5937  1.6228  1.5609  1.5045  1.3836  1.4148  1.4013  1.3813  1.3338
 100  1.586063  3.8971  3.9207  1.2594  1.7724  1.7162  1.6651  1.5777  1.6076  1.5443  1.4866  1.3650  1.3960  1.3807  1.3606  1.3126
 101  1.589573  3.8954  3.9089  1.2654  1.7606  1.7029  1.6505  1.5615  1.5921  1.5274  1.4685  1.3460  1.3770  1.3599  1.3395  1.2910
 102  1.593175  3.8937  3.8969  1.2715  1.7484  1.6892  1.6355  1.5449  1.5762  1.5100  1.4499  1.3266  1.3576  1.3385  1.3181  1.2691
 103  1.596829  3.8920  3.8848  1.2779  1.7357  1.6750  1.6200  1.5277  1.5598  1.4922  1.4308  1.3067  1.3377  1.3168  1.2962  1.2467
 104  1.600547  3.8904  3.8727  1.2846  1.7221  1.6600  1.6038  1.5100  1.5428  1.4738  1.4112  1.2863  1.3173  1.2946  1.2738  1.2239
 105  1.604401  3.8889  3.8607  1.2918  1.7071  1.6437  1.5865  1.4912  1.5246  1.4544  1.3908  1.2651  1.2961  1.2718  1.2508  1.2004
 106  1.608345  3.8877  3.8492  1.2994  1.6904  1.6259  1.5678  1.4714  1.5053  1.4341  1.3696  1.2432  1.2743  1.2487  1.2276  1.1767
 107  1.612198  3.8870  3.8393  1.3074  1.6716  1.6065  1.5479  1.4508  1.4850  1.4132  1.3482  1.2214  1.2526  1.2262  1.2050  1.1539
 108  1.615749  3.8869  3.8317  1.3155  1.6511  1.5860  1.5274  1.4304  1.4646  1.3927  1.3277  1.2007  1.2321  1.2058  1.1845  1.1332
 109  1.618750  3.8875  3.8274  1.3232  1.6299  1.5655  1.5075  1.4112  1.4450  1.3739  1.3094  1.1826  1.2141  1.1887  1.1674  1.1161
 110  1.621095  3.8888  3.8264  1.3302  1.6088  1.5458  1.4889  1.3941  1.4273  1.3574  1.2941  1.1677  1.1993  1.1758  1.1545  1.1034
 111  1.622867  3.8907  3.8280  1.3364  1.5885  1.5273  1.4719  1.3792  1.4114  1.3433  1.2814  1.1557  1.1876  1.1665  1.1453  1.0945
 112  1.623116  3.8910  3.8284  1.3374  1.5852  1.5244  1.4692  1.3769  1.4090  1.3411  1.2796  1.1540  1.1859  1.1652  1.1440  1.0933
 113  1.623365  3.8915  3.8292  1.3385  1.5815  1.5210  1.4662  1.3743  1.4062  1.3388  1.2776  1.1522  1.1841  1.1640  1.1429  1.0922
 114  1.623614  3.8919  3.8298  1.3395  1.5779  1.5179  1.4634  1.3719  1.4036  1.3366  1.2757  1.1504  1.1824  1.1628  1.1416  1.0910
 115  1.623862  3.8923  3.8303  1.3406  1.5744  1.5148  1.4606  1.3695  1.4011  1.3344  1.2738  1.1487  1.1807  1.1615  1.1404  1.0899
 116  1.624110  3.8927  3.8311  1.3417  1.5706  1.5114  1.4576  1.3670  1.3983  1.3320  1.2718  1.1469  1.1789  1.1604  1.1393  1.0888
 117  1.624358  3.8933  3.8322  1.3429  1.5662  1.5075  1.4542  1.3642  1.3953  1.3295  1.2697  1.1450  1.1772  1.1593  1.1382  1.0879
 118  1.624605  3.8938  3.8332  1.3441  1.5621  1.5039  1.4510  1.3615  1.3923  1.3271  1.2677  1.1432  1.1754  1.1582  1.1372  1.0869
 119  1.624852  3.8943  3.8342  1.3453  1.5578  1.5002  1.4477  1.3588  1.3894  1.3246  1.2657  1.1413  1.1736  1.1571  1.1361  1.0859
 120  1.625098  3.8950  3.8356  1.3466  1.5528  1.4959  1.4440  1.3558  1.3860  1.3218  1.2635  1.1394  1.1718  1.1561  1.1351  1.0850
 121  1.625344  3.8957  3.8370  1.3480  1.5480  1.4916  1.4403  1.3528  1.3827  1.3192  1.2613  1.1375  1.1700  1.1551  1.1341  1.0841
 122  1.625589  3.8964  3.8384  1.3493  1.5431  1.4874  1.4366  1.3498  1.3794  1.3164  1.2591  1.1356  1.1681  1.1541  1.1332  1.0833
 123  1.625833  3.8972  3.8403  1.3509  1.5373  1.4824  1.4323  1.3464  1.3756  1.3134  1.2567  1.1335  1.1662  1.1531  1.1323  1.0825
 124  1.626076  3.8980  3.8421  1.3525  1.5316  1.4775  1.4282  1.3431  1.3719  1.3104  1.2544  1.1315  1.1643  1.1522  1.1314  1.0818
 125  1.626317  3.8989  3.8441  1.3541  1.5254  1.4722  1.4236  1.3394  1.3678  1.3072  1.2520  1.1293  1.1623  1.1513  1.1306  1.0811
 126  1.626556  3.9000  3.8466  1.3561  1.5182  1.4660  1.4184  1.3353  1.3632  1.3036  1.2492  1.1270  1.1601  1.1505  1.1298  1.0805
 127  1.626793  3.9011  3.8492  1.3580  1.5110  1.4599  1.4133  1.3313  1.3586  1.3000  1.2466  1.1247  1.1580  1.1497  1.1291  1.0800
 128  1.627028  3.9024  3.8523  1.3602  1.5030  1.4532  1.4076  1.3269  1.3536  1.2962  1.2438  1.1224  1.1559  1.1492  1.1285  1.0796
 129  1.627259  3.9038  3.8555  1.3624  1.4946  1.4460  1.4016  1.3224  1.3484  1.2922  1.2409  1.1201  1.1537  1.1486  1.1281  1.0794
 130  1.627487  3.9053  3.8592  1.3649  1.4853  1.4382  1.3951  1.3175  1.3428  1.2880  1.2379  1.1178  1.1515  1.1482  1.1277  1.0793
 131  1.627709  3.9069  3.8631  1.3675  1.4753  1.4298  1.3882  1.3123  1.3369  1.2835  1.2348  1.1154  1.1494  1.1479  1.1275  1.0794
 132  1.627926  3.9087  3.8675  1.3704  1.4641  1.4205  1.3805  1.3067  1.3304  1.2788  1.2316  1.1131  1.1472  1.1478  1.1275  1.0797
 133  1.628132  3.9107  3.8723  1.3736  1.4516  1.4102  1.3722  1.3007  1.3233  1.2736  1.2282  1.1106  1.1449  1.1477  1.1275  1.0800
 134  1.628326  3.9129  3.8774  1.3773  1.4375  1.3986  1.3629  1.2940  1.3155  1.2679  1.2244  1.1077  1.1424  1.1476  1.1275  1.0802
 135  1.628507  3.9152  3.8829  1.3812  1.4221  1.3861  1.3531  1.2870  1.3071  1.2619  1.2205  1.1045  1.1398  1.1477  1.1276  1.0806
 136  1.628676  3.9177  3.8887  1.3854  1.4058  1.3729  1.3429  1.2797  1.2985  1.2557  1.2166  1.1010  1.1371  1.1480  1.1279  1.0810
 137  1.628829  3.9203  3.8947  1.3899  1.3891  1.3594  1.3325  1.2723  1.2895  1.2492  1.2125  1.0971  1.1341  1.1482  1.1281  1.0812
 138  1.628966  3.9230  3.9006  1.3947  1.3724  1.3458  1.3220  1.2646  1.2803  1.2425  1.2080  1.0927  1.1306  1.1480  1.1279  1.0811
 139  1.629085  3.9257  3.9063  1.3998  1.3562  1.3325  1.3114  1.2567  1.2711  1.2355  1.2032  1.0883  1.1268  1.1473  1.1272  1.0808
 140  1.629188  3.9284  3.9118  1.4052  1.3409  1.3197  1.3008  1.2489  1.2620  1.2285  1.1982  1.0840  1.1228  1.1460  1.1261  1.0803
 141  1.629277  3.9310  3.9168  1.4107  1.3264  1.3074  1.2902  1.2409  1.2530  1.2213  1.1927  1.0800  1.1184  1.1440  1.1245  1.0795
 142  1.629355  3.9336  3.9214  1.4164  1.3124  1.2954  1.2796  1.2327  1.2438  1.2137  1.1868  1.0755  1.1137  1.1415  1.1223  1.0781
 143  1.629425  3.9361  3.9256  1.4221  1.2987  1.2836  1.2692  1.2244  1.2346  1.2061  1.1808  1.0707  1.1086  1.1386  1.1197  1.0765
 144  1.629490  3.9385  3.9296  1.4279  1.2853  1.2719  1.2589  1.2161  1.2254  1.1984  1.1746  1.0657  1.1033  1.1354  1.1168  1.0744
 145  1.629570  3.9409  3.9335  1.4336  1.2729  1.2612  1.2494  1.2085  1.2170  1.1914  1.1689  1.0610  1.0984  1.1326  1.1143  1.0727
 146  1.629639  3.9419  3.9358  1.4354  1.2693  1.2583  1.2469  1.2068  1.2150  1.1899  1.1679  1.0605  1.0978  1.1329  1.1147  1.0735
 147  1.629706  3.9411  3.9371  1.4309  1.2801  1.2684  1.2566  1.2158  1.2243  1.1987  1.1763  1.0686  1.1059  1.1402  1.1220  1.0806
 148  1.629734  3.9395  3.9366  1.4247  1.2945  1.2816  1.2688  1.2266  1.2357  1.2091  1.1856  1.0773  1.1147  1.1475  1.1291  1.0872
 149  1.629758  3.9376  3.9352  1.4186  1.3090  1.2946  1.2807  1.2369  1.2467  1.2190  1.1944  1.0852  1.1228  1.1539  1.1353  1.0927
 150  1.629783  3.9354  3.9324  1.4125  1.3233  1.3073  1.2921  1.2465  1.2571  1.2280  1.2020  1.0918  1.1296  1.1588  1.1399  1.0966
 151  1.629817  3.9324  3.9261  1.4069  1.3368  1.3185  1.3017  1.2534  1.2651  1.2341  1.2063  1.0945  1.1326  1.1592  1.1399  1.0956
 152  1.629859  3.9289  3.9147  1.4045  1.3425  1.3216  1.3030  1.2515  1.2645  1.2313  1.2013  1.0874  1.1261  1.1498  1.1300  1.0843
 153  1.629910  3.9248  3.8981  1.4046  1.3446  1.3202  1.2985  1.2431  1.2579  1.2217  1.1888  1.0736  1.1121  1.1316  1.1115  1.0647
 154  1.629959  3.9214  3.8794  1.4098  1.3353  1.3076  1.2827  1.2242  1.2405  1.2016  1.1662  1.0505  1.0883  1.1041  1.0837  1.0364
 155  1.630005  3.9190  3.8637  1.4157  1.3244  1.2940  1.2664  1.2055  1.2231  1.1821  1.1446  1.0287  1.0657  1.0788  1.0583  1.0107
 156  1.630058  3.9165  3.8480  1.4216  1.3145  1.2812  1.2507  1.1872  1.2061  1.1628  1.1233  1.0068  1.0433  1.0535  1.0330  0.9851
 157  1.630124  3.9138  3.8314  1.4272  1.3063  1.2697  1.2360  1.1694  1.1898  1.1439  1.1019  0.9846  1.0205  1.0279  1.0072  0.9589
 158  1.630210  3.9107  3.8138  1.4324  1.2999  1.2597  1.2226  1.1523  1.1744  1.1255  1.0809  0.9621  0.9976  1.0018  0.9810  0.9321
 159  1.630318  3.9072  3.7954  1.4371  1.2951  1.2512  1.2108  1.1367  1.1604  1.1084  1.0608  0.9403  0.9756  0.9762  0.9552  0.9055
 160  1.630450  3.9036  3.7767  1.4412  1.2917  1.2444  1.2009  1.1229  1.1484  1.0931  1.0426  0.9202  0.9553  0.9521  0.9307  0.8802
 161  1.630605  3.8999  3.7586  1.4447  1.2901  1.2393  1.1927  1.1111  1.1383  1.0797  1.0264  0.9024  0.9372  0.9298  0.9082  0.8570
 162  1.630975  3.8931  3.7267  1.4496  1.2918  1.2346  1.1825  1.0941  1.1244  1.0599  1.0012  0.8744  0.9085  0.8932  0.8712  0.8186
 163  1.631411  3.8868  3.6979  1.4530  1.2977  1.2345  1.1772  1.0823  1.1155  1.0452  0.9816  0.8520  0.8858  0.8628  0.8404  0.7864
 164  1.631882  3.8809  3.6720  1.4554  1.3061  1.2371  1.1752  1.0740  1.1100  1.0343  0.9661  0.8338  0.8675  0.8372  0.8144  0.7591
 165  1.632366  3.8752  3.6478  1.4572  1.3159  1.2415  1.1752  1.0681  1.1067  1.0259  0.9534  0.8183  0.8518  0.8147  0.7914  0.7348
 166  1.632852  3.8697  3.6243  1.4586  1.3274  1.2476  1.1769  1.0638  1.1050  1.0191  0.9423  0.8043  0.8378  0.7939  0.7701  0.7120
 167  1.633331  3.8640  3.6008  1.4596  1.3409  1.2553  1.1802  1.0607  1.1047  1.0135  0.9323  0.7913  0.8246  0.7740  0.7497  0.6901
 168  1.633801  3.8582  3.5769  1.4603  1.3565  1.2648  1.1850  1.0589  1.1057  1.0090  0.9233  0.7792  0.8125  0.7548  0.7300  0.6686
 169  1.634256  3.8520  3.5522  1.4606  1.3743  1.2762  1.1914  1.0585  1.1082  1.0058  0.9155  0.7681  0.8015  0.7365  0.7109  0.6475
 170  1.634693  3.8456  3.5267  1.4606  1.3950  1.2897  1.1998  1.0595  1.1123  1.0039  0.9088  0.7577  0.7914  0.7188  0.6924  0.6267
 171  1.635114  3.8389  3.5005  1.4600  1.4188  1.3059  1.2104  1.0622  1.1184  1.0036  0.9035  0.7483  0.7823  0.7020  0.6747  0.6063
 172  1.635517  3.8320  3.4740  1.4590  1.4454  1.3244  1.2230  1.0668  1.1263  1.0050  0.8997  0.7404  0.7747  0.6865  0.6582  0.5869
 173  1.635906  3.8250  3.4477  1.4574  1.4750  1.3452  1.2375  1.0732  1.1361  1.0081  0.8977  0.7340  0.7690  0.6728  0.6434  0.5688
 174  1.636287  3.8181  3.4226  1.4552  1.5072  1.3682  1.2541  1.0817  1.1480  1.0134  0.8980  0.7300  0.7655  0.6616  0.6310  0.5531
 175  1.636658  3.8115  3.3992  1.4521  1.5419  1.3936  1.2731  1.0925  1.1621  1.0211  0.9009  0.7286  0.7647  0.6535  0.6217  0.5404
 176  1.637019  3.8053  3.3787  1.4481  1.5786  1.4211  1.2942  1.1060  1.1787  1.0317  0.9070  0.7306  0.7673  0.6493  0.6163  0.5318
 177  1.637364  3.7998  3.3616  1.4430  1.6165  1.4501  1.3171  1.1221  1.1976  1.0451  0.9164  0.7363  0.7735  0.6495  0.6154  0.5277
 178  1.637685  3.7947  3.3475  1.4369  1.6557  1.4807  1.3417  1.1406  1.2187  1.0612  0.9288  0.7453  0.7831  0.6536  0.6185  0.5278
 179  1.637976  3.7901  3.3362  1.4300  1.6957  1.5125  1.3679  1.1612  1.2416  1.0795  0.9437  0.7572  0.7955  0.6612  0.6250  0.5317
 180  1.638237  3.7860  3.3275  1.4223  1.7361  1.5451  1.3951  1.1833  1.2659  1.0996  0.9609  0.7715  0.8103  0.6716  0.6345  0.5387
 181  1.638470  3.7823  3.3209  1.4141  1.7765  1.5781  1.4231  1.2067  1.2912  1.1212  0.9798  0.7878  0.8271  0.6845  0.6466  0.5485
 182  1.638782  3.7773  3.3144  1.4008  1.8379  1.6291  1.4670  1.2443  1.3315  1.1564  1.0112  0.8158  0.8556  0.7078  0.6687  0.5675
 183  1.639069  3.7726  3.3106  1.3858  1.9030  1.6838  1.5148  1.2863  1.3760  1.1959  1.0473  0.8485  0.8888  0.7363  0.6961  0.5918
 184  1.639332  3.7682  3.3094  1.3693  1.9710  1.7416  1.5658  1.3319  1.4239  1.2392  1.0873  0.8854  0.9261  0.7691  0.7278  0.6206
 185  1.639578  3.7640  3.3100  1.3519  2.0408  1.8013  1.6190  1.3798  1.4742  1.2849  1.1299  0.9250  0.9662  0.8050  0.7626  0.6526
 186  1.639815  3.7599  3.3118  1.3339  2.1118  1.8623  1.6734  1.4293  1.5258  1.3322  1.1741  0.9664  1.0081  0.8429  0.7994  0.6866
 187  1.640049  3.7559  3.3137  1.3160  2.1832  1.9235  1.7279  1.4788  1.5777  1.3797  1.2186  1.0080  1.0502  0.8810  0.8365  0.7208
 188  1.640300  3.7517  3.3144  1.2986  2.2554  1.9848  1.7822  1.5279  1.6291  1.4265  1.2622  1.0487  1.0914  0.9180  0.8724  0.7537
 189  1.640580  3.7472  3.3113  1.2840  2.3232  2.0407  1.8306  1.5707  1.6744  1.4669  1.2992  1.0825  1.1258  0.9480  0.9011  0.7793
 190  1.640904  3.7424  3.3013  1.2748  2.3818  2.0861  1.8675  1.6014  1.7081  1.4949  1.3234  1.1031  1.1470  0.9646  0.9163  0.7909
 191  1.641253  3.7379  3.2826  1.2754  2.4149  2.1065  1.8802  1.6081  1.7175  1.4990  1.3239  1.1001  1.1446  0.9579  0.9083  0.7795
 192  1.641595  3.7342  3.2577  1.2857  2.4178  2.0993  1.8665  1.5897  1.7013  1.4784  1.3004  1.0737  1.1186  0.9285  0.8778  0.7461
 193  1.641897  3.7316  3.2323  1.3008  2.4006  2.0750  1.8377  1.5576  1.6707  1.4447  1.2647  1.0360  1.0811  0.8887  0.8372  0.7034
 194  1.642177  3.7296  3.2082  1.3170  2.3761  2.0450  1.8041  1.5216  1.6359  1.4075  1.2259  0.9957  1.0410  0.8467  0.7946  0.6592
 195  1.642445  3.7279  3.1850  1.3335  2.3486  2.0128  1.7690  1.4844  1.5997  1.3693  1.1864  0.9549  1.0004  0.8045  0.7518  0.6151
 196  1.642706  3.7264  3.1624  1.3502  2.3188  1.9789  1.7326  1.4462  1.5623  1.3302  1.1461  0.9135  0.9591  0.7619  0.7087  0.5707
 197  1.642963  3.7251  3.1402  1.3671  2.2874  1.9439  1.6952  1.4072  1.5241  1.2904  1.1053  0.8717  0.9174  0.7189  0.6653  0.5262
 198  1.643215  3.7238  3.1183  1.3842  2.2548  1.9080  1.6572  1.3677  1.4853  1.2502  1.0641  0.8296  0.8753  0.6758  0.6218  0.4817
 199  1.643465  3.7227  3.0966  1.4013  2.2213  1.8715  1.6187  1.3279  1.4461  1.2096  1.0227  0.7873  0.8331  0.6326  0.5781  0.4371
 200  1.643713  3.7216  3.0752  1.4185  2.1873  1.8346  1.5800  1.2879  1.4067  1.1689  0.9812  0.7451  0.7909  0.5893  0.5346  0.3926
 201  1.643947  3.7206  3.0552  1.4346  2.1554  1.7999  1.5436  1.2504  1.3698  1.1308  0.9423  0.7055  0.7513  0.5489  0.4937  0.3509
 202  1.644192  3.7196  3.0341  1.4518  2.1204  1.7623  1.5044  1.2101  1.3299  1.0898  0.9006  0.6631  0.7089  0.5056  0.4502  0.3065
 203  1.644436  3.7187  3.0131  1.4689  2.0857  1.7250  1.4654  1.1700  1.2904  1.0491  0.8591  0.6210  0.6668  0.4626  0.4068  0.2624
 204  1.644680  3.7177  2.9922  1.4860  2.0510  1.6878  1.4266  1.1301  1.2510  1.0086  0.8178  0.5791  0.6249  0.4198  0.3637  0.2184
 205  1.644923  3.7167  2.9713  1.5031  2.0165  1.6508  1.3879  1.0903  1.2118  0.9682  0.7767  0.5373  0.5832  0.3772  0.3207  0.1745
 206  1.645165  3.7158  2.9505  1.5201  1.9820  1.6138  1.3494  1.0507  1.1726  0.9279  0.7358  0.4958  0.5415  0.3347  0.2779  0.1308
 207  1.645407  3.7148  2.9297  1.5371  1.9477  1.5769  1.3110  1.0113  1.1337  0.8879  0.6950  0.4544  0.5001  0.2924  0.2353  0.0874
 208  1.645648  3.7139  2.9091  1.5540  1.9133  1.5401  1.2726  0.9719  1.0948  0.8479  0.6543  0.4131  0.4588  0.2502  0.1927  0.0440
 209  1.645888  3.7129  2.8885  1.5709  1.8792  1.5035  1.2345  0.9327  1.0561  0.8081  0.6138  0.3721  0.4177  0.2082  0.1504  0.0008
 210  1.646128  3.7120  2.8680  1.5877  1.8451  1.4670  1.1965  0.8936  1.0175  0.7684  0.5735  0.3311  0.3766  0.1663  0.1081 -0.0423
 211  1.646367  3.7110  2.8475  1.6045  1.8112  1.4307  1.1586  0.8547  0.9791  0.7288  0.5332  0.2903  0.3357  0.1246  0.0660 -0.0852
 212  1.646605  3.7101  2.8271  1.6213  1.7774  1.3944  1.1208  0.8158  0.9407  0.6894  0.4930  0.2496  0.2949  0.0829  0.0240 -0.1280
 213  1.646842  3.7092  2.8067  1.6381  1.7437  1.3583  1.0831  0.7771  0.9025  0.6500  0.4530  0.2090  0.2542  0.0414 -0.0178 -0.1708
 214  1.647078  3.7083  2.7863  1.6548  1.7104  1.3224  1.0457  0.7385  0.8644  0.6108  0.4131  0.1685  0.2137 -0.0001 -0.0596 -0.2134
 215  1.647313  3.7073  2.7660  1.6715  1.6771  1.2866  1.0083  0.7000  0.8265  0.5717  0.3732  0.1281  0.1732 -0.0414 -0.1013 -0.2560
 216  1.647547  3.7064  2.7456  1.6881  1.6440  1.2509  0.9710  0.6617  0.7886  0.5327  0.3335  0.0878  0.1328 -0.0827 -0.1430 -0.2985
 217  1.647608  3.7061  2.7402  1.6925  1.6353  1.2415  0.9612  0.6515  0.7786  0.5224  0.3230  0.0772  0.1221 -0.0936 -0.1540 -0.3097
 218  1.647670  3.7059  2.7349  1.6969  1.6266  1.2321  0.9514  0.6414  0.7686  0.5121  0.3125  0.0665  0.1114 -0.1045 -0.1650 -0.3209
 219  1.647731  3.7057  2.7295  1.7013  1.6179  1.2227  0.9416  0.6313  0.7586  0.5018  0.3020  0.0559  0.1007 -0.1154 -0.1759 -0.3321
 220  1.647792  3.7054  2.7241  1.7057  1.6092  1.2133  0.9318  0.6211  0.7487  0.4915  0.2915  0.0453  0.0901 -0.1263 -0.1869 -0.3433
 221  1.647853  3.7052  2.7187  1.7101  1.6005  1.2039  0.9220  0.6110  0.7387  0.4812  0.2810  0.0347  0.0794 -0.1372 -0.1979 -0.3546
 222  1.647914  3.7049  2.7134  1.7146  1.5918  1.1945  0.9121  0.6009  0.7287  0.4709  0.2705  0.0240  0.0687 -0.1481 -0.2089 -0.3658
 223  1.647975  3.7047  2.7080  1.7190  1.5831  1.1851  0.9023  0.5908  0.7187  0.4606  0.2600  0.0134  0.0581 -0.1590 -0.2199 -0.3770
 224  1.648036  3.7044  2.7026  1.7234  1.5745  1.1758  0.8925  0.5807  0.7088  0.4503  0.2496  0.0028  0.0474 -0.1699 -0.2309 -0.3882
 225  1.648097  3.7042  2.6972  1.7278  1.5657  1.1663  0.8827  0.5705  0.6988  0.4400  0.2391 -0.0078  0.0368 -0.1807 -0.2419 -0.3994
 226  1.648158  3.7039  2.6918  1.7322  1.5571  1.1570  0.8729  0.5604  0.6888  0.4297  0.2286 -0.0185  0.0261 -0.1916 -0.2529 -0.4106
 227  1.648702  3.7017  2.6436  1.7717  1.4796  1.0731  0.7852  0.4698  0.5995  0.3376  0.1347 -0.1136 -0.0695 -0.2892 -0.3513 -0.5111
 228  1.649231  3.6995  2.5960  1.8105  1.4046  0.9914  0.6996  0.3813  0.5124  0.2475  0.0427 -0.2068 -0.1631 -0.3849 -0.4478 -0.6097
 229  1.649744  3.6973  2.5490  1.8489  1.3308  0.9110  0.6152  0.2940  0.4263  0.1585 -0.0481 -0.2988 -0.2556 -0.4793 -0.5431 -0.7072
 230  1.650234  3.6951  2.5030  1.8863  1.2599  0.8334  0.5336  0.2095  0.3432  0.0724 -0.1360 -0.3878 -0.3452 -0.5709 -0.6356 -0.8017
 231  1.650703  3.6928  2.4575  1.9228  1.1920  0.7585  0.4547  0.1276  0.2626 -0.0112 -0.2215 -0.4744 -0.4326 -0.6602 -0.7258 -0.8942
 232  1.651176  3.6904  2.4102  1.9606  1.1228  0.6819  0.3738  0.0434  0.1800 -0.0972 -0.3094 -0.5635 -0.5224 -0.7521 -0.8188 -0.9895
 233  1.651596  3.6882  2.3672  1.9948  1.0609  0.6132  0.3012 -0.0323  0.1057 -0.1746 -0.3887 -0.6438 -0.6036 -0.8352 -0.9027 -1.0758
 234  1.651996  3.6860  2.3257  2.0278  1.0017  0.5472  0.2314 -0.1051  0.0342 -0.2491 -0.4650 -0.7211 -0.6817 -0.9152 -0.9837 -1.1589
 235  1.652395  3.6839  2.2841  2.0608  0.9432  0.4819  0.1622 -0.1773 -0.0366 -0.3231 -0.5408 -0.7979 -0.7594 -0.9947 -1.0642 -1.2417
 236  1.652770  3.6818  2.2452  2.0916  0.8890  0.4212  0.0980 -0.2445 -0.1025 -0.3919 -0.6113 -0.8694 -0.8318 -1.0689 -1.1393 -1.3189
 237  1.653128  3.6799  2.2087  2.1205  0.8386  0.3647  0.0381 -0.3073 -0.1640 -0.4562 -0.6773 -0.9362 -0.8994 -1.1382 -1.2095 -1.3912
 238  1.653467  3.6781  2.1752  2.1470  0.7926  0.3129 -0.0167 -0.3647 -0.2203 -0.5150 -0.7376 -0.9973 -0.9615 -1.2017 -1.2738 -1.4574
 239  1.653801  3.6765  2.1439  2.1718  0.7499  0.2648 -0.0676 -0.4181 -0.2726 -0.5698 -0.7938 -1.0542 -1.0192 -1.2608 -1.3337 -1.5191
 240  1.654132  3.6750  2.1154  2.1944  0.7112  0.2211 -0.1139 -0.4667 -0.3202 -0.6197 -0.8450 -1.1060 -1.0718 -1.3147 -1.3883 -1.5754
 241  1.654455  3.6737  2.0909  2.2138  0.6778  0.1835 -0.1537 -0.5085 -0.3612 -0.6625 -0.8889 -1.1505 -1.1170 -1.3610 -1.4352 -1.6236
 242  1.654763  3.6728  2.0726  2.2285  0.6525  0.1551 -0.1838 -0.5401 -0.3921 -0.6949 -0.9221 -1.1841 -1.1511 -1.3959 -1.4705 -1.6600
 243  1.655086  3.6724  2.0646  2.2351  0.6409  0.1422 -0.1974 -0.5542 -0.4060 -0.7094 -0.9369 -1.1991 -1.1663 -1.4115 -1.4863 -1.6762
 244  1.655420  3.6737  2.0872  2.2178  0.6682  0.1739 -0.1635 -0.5182 -0.3709 -0.6723 -0.8987 -1.1603 -1.1267 -1.3708 -1.4450 -1.6335
 245  1.655781  3.6791  2.1838  2.1427  0.7929  0.3162 -0.0118 -0.3584 -0.2146 -0.5080 -0.7298 -0.9891 -0.9528 -1.1922 -1.2639 -1.4465
 246  1.656313  3.6858  2.3081  2.0456  0.9604  0.5051  0.1888 -0.1479 -0.0085 -0.2921 -0.5082 -0.7645 -0.7252 -0.9588 -1.0274 -1.2030
 247  1.657042  3.6836  2.2621  2.0828  0.8922  0.4298  0.1096 -0.2304 -0.0895 -0.3764 -0.5944 -0.8517 -0.8133 -1.0489 -1.1185 -1.2964
 248  1.657762  3.6799  2.1936  2.1370  0.7977  0.3238 -0.0028 -0.3481 -0.2049 -0.4970 -0.7181 -0.9770 -0.9403 -1.1790 -1.2503 -1.4320
 249  1.658413  3.6761  2.1215  2.1940  0.6997  0.2133 -0.1200 -0.4710 -0.3253 -0.6230 -0.8474 -1.1080 -1.0732 -1.3151 -1.3882 -1.5740
 250  1.658972  3.6727  2.0585  2.2436  0.6158  0.1182 -0.2209 -0.5771 -0.4291 -0.7320 -0.9592 -1.2213 -1.1883 -1.4331 -1.5078 -1.6973
 251  1.659479  3.6696  1.9990  2.2906  0.5380  0.0296 -0.3151 -0.6765 -0.5263 -0.8341 -1.0642 -1.3276 -1.2964 -1.5440 -1.6202 -1.8134
 252  1.659932  3.6665  1.9426  2.3347  0.4671 -0.0521 -0.4021 -0.7688 -0.6163 -0.9291 -1.1620 -1.4268 -1.3973 -1.6477 -1.7255 -1.9222
 253  1.660349  3.6634  1.8877  2.3775  0.3998 -0.1299 -0.4853 -0.8572 -0.7025 -1.0203 -1.2559 -1.5221 -1.4945 -1.7477 -1.8270 -2.0272
 254  1.660718  3.6606  1.8363  2.4175  0.3377 -0.2021 -0.5626 -0.9393 -0.7825 -1.1050 -1.3433 -1.6107 -1.5848 -1.8408 -1.9217 -2.1253
 255  1.661060  3.6578  1.7861  2.4566  0.2778 -0.2719 -0.6372 -1.0188 -0.8599 -1.1871 -1.4280 -1.6966 -1.6725 -1.9313 -2.0137 -2.2207
 256  1.661370  3.6551  1.7378  2.4942  0.2209 -0.3382 -0.7082 -1.0945 -0.9335 -1.2654 -1.5088 -1.7786 -1.7562 -2.0179 -2.1017 -2.3119
 257  1.661657  3.6524  1.6904  2.5310  0.1661 -0.4024 -0.7768 -1.1680 -1.0050 -1.3416 -1.5874 -1.8585 -1.8378 -2.1024 -2.1876 -2.4011
 258  1.661921  3.6498  1.6442  2.5669  0.1136 -0.4640 -0.8427 -1.2389 -1.0737 -1.4150 -1.6633 -1.9357 -1.9167 -2.1842 -2.2709 -2.4876
 259  1.662163  3.6472  1.5992  2.6017  0.0635 -0.5231 -0.9058 -1.3070 -1.1398 -1.4858 -1.7365 -2.0102 -1.9928 -2.2633 -2.3514 -2.5713
 260  1.662388  3.6447  1.5552  2.6357  0.0156 -0.5798 -0.9663 -1.3727 -1.2034 -1.5541 -1.8073 -2.0823 -2.0665 -2.3400 -2.4295 -2.6527
 261  1.662594  3.6423  1.5127  2.6685 -0.0293 -0.6333 -1.0236 -1.4352 -1.2638 -1.6192 -1.8748 -2.1512 -2.1369 -2.4135 -2.5044 -2.7307
 262  1.662786  3.6398  1.4707  2.7006 -0.0714 -0.6842 -1.0784 -1.4954 -1.3218 -1.6821 -1.9403 -2.2183 -2.2054 -2.4852 -2.5775 -2.8070
 263  1.662966  3.6373  1.4293  2.7322 -0.1110 -0.7326 -1.1307 -1.5534 -1.3775 -1.7429 -2.0036 -2.2832 -2.2718 -2.5549 -2.6487 -2.8813
 264  1.663133  3.6349  1.3890  2.7628 -0.1482 -0.7785 -1.1801 -1.6087 -1.4305 -1.8010 -2.0643 -2.3456 -2.3355 -2.6220 -2.7172 -2.9531
 265  1.663287  3.6325  1.3498  2.7925 -0.1830 -0.8220 -1.2269 -1.6615 -1.4810 -1.8567 -2.1225 -2.4056 -2.3967 -2.6868 -2.7834 -3.0224
 266  1.663433  3.6301  1.3111  2.8218 -0.2161 -0.8636 -1.2717 -1.7125 -1.5297 -1.9106 -2.1789 -2.4638 -2.4562 -2.7500 -2.8481 -3.0902
 267  1.663568  3.6278  1.2733  2.8503 -0.2469 -0.9029 -1.3140 -1.7613 -1.5761 -1.9622 -2.2331 -2.5199 -2.5134 -2.8110 -2.9105 -3.1558
 268  1.663694  3.6255  1.2365  2.8780 -0.2758 -0.9401 -1.3539 -1.8078 -1.6203 -2.0116 -2.2850 -2.5737 -2.5683 -2.8699 -2.9707 -3.2191
 269  1.663813  3.6233  1.2003  2.9052 -0.3033 -0.9758 -1.3921 -1.8528 -1.6630 -2.0597 -2.3356 -2.6262 -2.6218 -2.9274 -3.0297 -3.2811
 270  1.663926  3.6210  1.1647  2.9319 -0.3295 -1.0100 -1.4288 -1.8965 -1.7043 -2.1066 -2.3851 -2.6777 -2.6741 -2.9837 -3.0872 -3.3416
 271  1.664184  3.6189  1.1303  2.9577 -0.3543 -1.0425 -1.4636 -1.9383 -1.7437 -2.1515 -2.4326 -2.7273 -2.7243 -3.0378 -3.1426 -3.3999
 272  1.664285  3.6167  1.0963  2.9832 -0.3777 -1.0736 -1.4968 -1.9788 -1.7818 -2.1951 -2.4788 -2.7756 -2.7732 -3.0909 -3.1970 -3.4571
 273  1.664380  3.6146  1.0629  3.0081 -0.3996 -1.1031 -1.5280 -2.0176 -1.8182 -2.2370 -2.5232 -2.8221 -2.8203 -3.1423 -3.2497 -3.5127
 274  1.664470  3.6125  1.0303  3.0325 -0.4203 -1.1312 -1.5577 -2.0549 -1.8531 -2.2774 -2.5662 -2.8671 -2.8659 -3.1923 -3.3010 -3.5669
 275  1.664556  3.6105  0.9983  3.0563 -0.4399 -1.1581 -1.5859 -2.0909 -1.8867 -2.3164 -2.6076 -2.9107 -2.9099 -3.2410 -3.3509 -3.6197
 276  1.664637  3.6085  0.9669  3.0796 -0.4579 -1.1832 -1.6120 -2.1251 -1.9185 -2.3537 -2.6473 -2.9525 -2.9522 -3.2882 -3.3994 -3.6710
 277  1.664713  3.6065  0.9369  3.1018 -0.4741 -1.2063 -1.6358 -2.1571 -1.9482 -2.3886 -2.6846 -2.9917 -2.9918 -3.3328 -3.4454 -3.7197