EEP   M/Mo    LogTeff  LogG   LogL/Lo F435W   F475W   F502N   F550M   F555W   F606W   F625W   F658N   F660N   F775W   F814W   F850LP  
  10  0.118217  3.5242  5.2079 -2.6472 14.7965 14.0366 14.0390 12.7875 13.1541 12.6009 12.2721 11.6239 11.6594 10.9670 10.7806 10.3791
  11  0.144020  3.5296  5.1426 -2.4745 14.2498 13.5126 13.4982 12.2862 12.6432 12.0937 11.7641 11.1497 11.1867 10.5180 10.3385  9.9469
  12  0.169354  3.5365  5.0974 -2.3312 13.7627 13.0485 13.0179 11.8468 12.1932 11.6476 11.3174 10.7397 10.7785 10.1384  9.9672  9.5886
  13  0.188194  3.5423  5.0714 -2.2363 13.4271 12.7293 12.6874 11.5468 11.8852 11.3423 11.0116 10.4624 10.5029  9.8842  9.7197  9.3521
  14  0.199899  3.5456  5.0552 -2.1808 13.2345 12.5456 12.4973 11.3739 11.7078 11.1662 10.8351 10.3017 10.3432  9.7361  9.5753  9.2139
  15  0.207233  3.5474  5.0465 -2.1490 13.1258 12.4417 12.3896 11.2758 11.6073 11.0663 10.7351 10.2102 10.2521  9.6516  9.4929  9.1350
  16  0.212502  3.5487  5.0396 -2.1262 13.0491 12.3682 12.3135 11.2064 11.5362 10.9956 10.6643 10.1452 10.1874  9.5912  9.4339  9.0784
  17  0.216326  3.5496  5.0347 -2.1099 12.9941 12.3155 12.2590 11.1566 11.4853 10.9449 10.6135 10.0986 10.1410  9.5480  9.3917  9.0379
  18  0.219285  3.5503  5.0333 -2.0999 12.9589 12.2818 12.2240 11.1249 11.4527 10.9125 10.5811 10.0690 10.1117  9.5211  9.3656  9.0132
  19  0.221727  3.5508  5.0279 -2.0874 12.9186 12.2431 12.1841 11.0882 11.4152 10.8752 10.5437 10.0344 10.0771  9.4884  9.3335  8.9821
  20  0.223529  3.5513  5.0281 -2.0822 12.8991 12.2245 12.1646 11.0708 11.3974 10.8575 10.5260 10.0185 10.0613  9.4743  9.3200  8.9694
  21  0.225566  3.5517  5.0229 -2.0714 12.8650 12.1917 12.1308 11.0396 11.3655 10.8257 10.4942  9.9889 10.0318  9.4462  9.2923  8.9425
  22  0.227584  3.5522  5.0219 -2.0646 12.8411 12.1689 12.1071 11.0181 11.3434 10.8038 10.4722  9.9689 10.0119  9.4280  9.2746  8.9257
  23  0.229433  3.5526  5.0183 -2.0558 12.8121 12.1410 12.0783 10.9917 11.3165 10.7770 10.4453  9.9441  9.9872  9.4047  9.2518  8.9038
  24  0.231944  3.5532  5.0164 -2.0469 12.7819 12.1120 12.0482 10.9644 11.2884 10.7491 10.4174  9.9185  9.9617  9.3812  9.2289  8.8819
  25  0.235572  3.5540  5.0133 -2.0338 12.7374 12.0693 12.0038 10.9241 11.2471 10.7081 10.3763  9.8808  9.9242  9.3465  9.1951  8.8496
  26  0.242861  3.5556  5.0076 -2.0086 12.6514 11.9868 11.9181 10.8461 11.1673 10.6287 10.2969  9.8079  9.8517  9.2794  9.1297  8.7872
  27  0.276956  3.5637  4.9674 -1.8789 12.2138 11.5658 11.4806 10.4484 10.7600 10.2245  9.8925  9.4360  9.4812  8.9371  8.7959  8.4682
  28  0.312819  3.5742  4.9155 -1.7321 11.7097 11.0799 10.9724  9.9907 10.2907  9.7613  9.4299  9.0104  9.0576  8.5495  8.4191  8.1099
  29  0.324440  3.5783  4.8986 -1.6830 11.5360 10.9125 10.7963  9.8339 10.1297  9.6034  9.2725  8.8656  8.9138  8.4194  8.2929  7.9908
  30  0.335295  3.5824  4.8826 -1.6360 11.3673 10.7502 10.6248  9.6825  9.9740  9.4514  9.1213  8.7262  8.7752  8.2946  8.1720  7.8771
  31  0.347032  3.5873  4.8652 -1.5843 11.1786 10.5689 10.4328  9.5142  9.8007  9.2831  8.9544  8.5718  8.6218  8.1569  8.0387  7.7520
  32  0.359336  3.5928  4.8471 -1.5289 10.9744 10.3733 10.2265  9.3335  9.6148  9.1040  8.7773  8.4069  8.4578  8.0099  7.8964  7.6185
  33  0.370949  3.5986  4.8302 -1.4752 10.7732 10.1816 10.0259  9.1571  9.4337  8.9314  8.6073  8.2473  8.2990  7.8673  7.7581  7.4886
  34  0.382534  3.6048  4.8139 -1.4207 10.5651  9.9841  9.8194  8.9768  9.2485  8.7563  8.4356  8.0853  8.1377  7.7230  7.6181  7.3575
  35  0.394736  3.6119  4.7981 -1.3628 10.3390  9.7704  9.5952  8.7839  9.0495  8.5698  8.2536  7.9131  7.9662  7.5708  7.4707  7.2196
  36  0.408142  3.6204  4.7829 -1.2992 10.0824  9.5295  9.3443  8.5685  8.8272  8.3640  8.0539  7.7242  7.7773  7.4040  7.3091  7.0689
  37  0.422218  3.6304  4.7696 -1.2312  9.7945  9.2609  9.0671  8.3313  8.5823  8.1405  7.8387  7.5210  7.5726  7.2256  7.1364  6.9090
  38  0.435808  3.6408  4.7591 -1.1653  9.5038  8.9900  8.7837  8.0976  8.3385  7.9207  7.6289  7.3242  7.3737  7.0529  6.9696  6.7550
  39  0.448263  3.6506  4.7510 -1.1060  9.2346  8.7386  8.5156  7.8855  8.1144  7.7204  7.4397  7.1472  7.1948  6.8962  6.8178  6.6145
  40  0.459070  3.6591  4.7448 -1.0554  9.0039  8.5223  8.2824  7.7066  7.9229  7.5502  7.2802  6.9977  7.0441  6.7623  6.6875  6.4931
  41  0.468477  3.6667  4.7403 -1.0114  8.8033  8.3337  8.0783  7.5529  7.7567  7.4029  7.1431  6.8686  6.9143  6.6457  6.5740  6.3870
  42  0.478020  3.6746  4.7363 -0.9672  8.6040  8.1461  7.8774  7.4008  7.5913  7.2563  7.0071  6.7400  6.7853  6.5286  6.4598  6.2802
  43  0.489319  3.6837  4.7317 -0.9160  8.3787  7.9346  7.6566  7.2288  7.4044  7.0900  6.8529  6.5937  6.6385  6.3940  6.3284  6.1571
  44  0.503357  3.6945  4.7251 -0.8538  8.1153  7.6893  7.4085  7.0267  7.1866  6.8946  6.6711  6.4188  6.4637  6.2341  6.1723  6.0109
  45  0.518799  3.7061  4.7170 -0.7863  7.8415  7.4365  7.1603  6.8153  6.9611  6.6896  6.4791  6.2327  6.2780  6.0633  6.0055  5.8545
  46  0.534207  3.7172  4.7079 -0.7201  7.5831  7.2005  6.9340  6.6147  6.7495  6.4951  6.2955  6.0566  6.1013  5.8982  5.8441  5.7027
  47  0.548544  3.7269  4.6981 -0.6598  7.3546  6.9943  6.7394  6.4391  6.5653  6.3249  6.1344  5.9024  5.9458  5.7528  5.7019  5.5687
  48  0.561400  3.7352  4.6883 -0.6069  7.1597  6.8193  6.5752  6.2891  6.4089  6.1793  5.9961  5.7705  5.8128  5.6275  5.5792  5.4528
  49  0.572425  3.7420  4.6793 -0.5623  6.9987  6.6753  6.4412  6.1655  6.2804  6.0593  5.8818  5.6617  5.7026  5.5235  5.4773  5.3562
  50  0.581497  3.7473  4.6712 -0.5260  6.8702  6.5609  6.3352  6.0673  6.1784  5.9638  5.7907  5.5749  5.6151  5.4403  5.3956  5.2785
  51  0.589097  3.7516  4.6640 -0.4959  6.7664  6.4678  6.2487  5.9865  6.0948  5.8850  5.7153  5.5027  5.5422  5.3709  5.3275  5.2137
  52  0.594117  3.7544  4.6589 -0.4761  6.6995  6.4074  6.1924  5.9337  6.0404  5.8336  5.6658  5.4554  5.4944  5.3254  5.2827  5.1711
  53  0.599084  3.7570  4.6536 -0.4566  6.6340  6.3484  6.1373  5.8820  5.9870  5.7831  5.6173  5.4090  5.4475  5.2807  5.2388  5.1292
  54  0.604008  3.7596  4.6482 -0.4374  6.5700  6.2905  6.0831  5.8311  5.9346  5.7336  5.5697  5.3636  5.4014  5.2368  5.1956  5.0879
  55  0.608891  3.7621  4.6426 -0.4184  6.5073  6.2337  6.0300  5.7811  5.8832  5.6848  5.5229  5.3189  5.3560  5.1935  5.1531  5.0472
  56  0.613747  3.7645  4.6368 -0.3996  6.4460  6.1780  5.9777  5.7319  5.8326  5.6368  5.4766  5.2746  5.3112  5.1507  5.1110  5.0069
  57  0.618577  3.7668  4.6308 -0.3809  6.3858  6.1231  5.9262  5.6833  5.7827  5.5893  5.4308  5.2309  5.2669  5.1084  5.0692  4.9669
  58  0.623384  3.7691  4.6247 -0.3624  6.3266  6.0691  5.8754  5.6354  5.7334  5.5424  5.3856  5.1876  5.2231  5.0664  5.0279  4.9272
  59  0.628161  3.7712  4.6184 -0.3441  6.2685  6.0159  5.8254  5.5880  5.6848  5.4961  5.3408  5.1448  5.1797  5.0248  4.9869  4.8879
  60  0.632902  3.7734  4.6121 -0.3259  6.2111  5.9634  5.7760  5.5413  5.6369  5.4504  5.2967  5.1025  5.1367  4.9837  4.9464  4.8489
  61  0.637607  3.7755  4.6056 -0.3079  6.1547  5.9118  5.7274  5.4952  5.5896  5.4053  5.2530  5.0607  5.0943  4.9430  4.9063  4.8103
  62  0.642254  3.7775  4.5990 -0.2902  6.0995  5.8611  5.6797  5.4499  5.5432  5.3609  5.2101  5.0195  5.0526  4.9030  4.8668  4.7722
  63  0.646836  3.7794  4.5925 -0.2727  6.0455  5.8114  5.6330  5.4054  5.4977  5.3174  5.1680  4.9792  5.0117  4.8636  4.8280  4.7348
  64  0.651343  3.7813  4.5859 -0.2555  5.9927  5.7629  5.5872  5.3619  5.4531  5.2747  5.1267  4.9396  4.9717  4.8250  4.7899  4.6980
  65  0.655756  3.7831  4.5793 -0.2388  5.9414  5.7156  5.5426  5.3194  5.4096  5.2330  5.0863  4.9009  4.9326  4.7872  4.7525  4.6620
  66  0.660081  3.7849  4.5727 -0.2223  5.8916  5.6694  5.4991  5.2778  5.3671  5.1922  5.0468  4.8630  4.8943  4.7502  4.7160  4.6266
  67  0.664312  3.7866  4.5662 -0.2062  5.8430  5.6244  5.4564  5.2370  5.3255  5.1523  5.0080  4.8258  4.8566  4.7139  4.6801  4.5919
  68  0.668456  3.7882  4.5597 -0.1905  5.7957  5.5804  5.4145  5.1971  5.2847  5.1132  4.9700  4.7894  4.8197  4.6783  4.6449  4.5580
  69  0.672514  3.7898  4.5533 -0.1750  5.7496  5.5374  5.3736  5.1581  5.2449  5.0748  4.9329  4.7536  4.7836  4.6434  4.6105  4.5247
  70  0.676498  3.7914  4.5470 -0.1599  5.7044  5.4952  5.3334  5.1197  5.2058  5.0373  4.8964  4.7186  4.7481  4.6092  4.5767  4.4920
  71  0.680407  3.7929  4.5408 -0.1450  5.6601  5.4539  5.2940  5.0821  5.1674  5.0004  4.8606  4.6843  4.7133  4.5756  4.5436  4.4599
  72  0.684252  3.7944  4.5346 -0.1304  5.6167  5.4133  5.2553  5.0452  5.1297  4.9642  4.8254  4.6505  4.6791  4.5426  4.5110  4.4284
  73  0.688043  3.7959  4.5285 -0.1160  5.5739  5.3734  5.2172  5.0088  5.0926  4.9285  4.7907  4.6172  4.6453  4.5101  4.4789  4.3973
  74  0.691781  3.7973  4.5224 -0.1017  5.5319  5.3340  5.1797  4.9730  5.0560  4.8933  4.7565  4.5845  4.6121  4.4781  4.4472  4.3667
  75  0.695472  3.7988  4.5163 -0.0877  5.4904  5.2951  5.1426  4.9375  5.0199  4.8586  4.7228  4.5521  4.5793  4.4464  4.4159  4.3364
  76  0.699130  3.8002  4.5103 -0.0737  5.4493  5.2567  5.1058  4.9024  4.9841  4.8242  4.6894  4.5201  4.5469  4.4151  4.3849  4.3064
  77  0.702742  3.8016  4.5043 -0.0599  5.4089  5.2187  5.0695  4.8677  4.9487  4.7901  4.6563  4.4885  4.5148  4.3840  4.3542  4.2767
  78  0.706304  3.8029  4.4983 -0.0462  5.3688  5.1811  5.0335  4.8334  4.9137  4.7564  4.6235  4.4572  4.4831  4.3533  4.3239  4.2473
  79  0.709814  3.8043  4.4923 -0.0327  5.3294  5.1440  4.9979  4.7994  4.8791  4.7231  4.5911  4.4262  4.4517  4.3229  4.2938  4.2182
  80  0.713274  3.8056  4.4864 -0.0193  5.2904  5.1073  4.9628  4.7658  4.8449  4.6901  4.5591  4.3955  4.4207  4.2928  4.2641  4.1895
  81  0.716679  3.8069  4.4804 -0.0061  5.2521  5.0712  4.9281  4.7326  4.8111  4.6576  4.5275  4.3652  4.3899  4.2630  4.2347  4.1610
  82  0.720358  3.8083  4.4739  0.0082  5.2107  5.0320  4.8904  4.6967  4.7745  4.6223  4.4931  4.3323  4.3565  4.2308  4.2028  4.1300
  83  0.723979  3.8096  4.4673  0.0223  5.1699  4.9935  4.8533  4.6612  4.7383  4.5875  4.4593  4.2997  4.3235  4.1989  4.1713  4.0995
  84  0.727540  3.8109  4.4608  0.0362  5.1300  4.9556  4.8167  4.6262  4.7028  4.5531  4.4259  4.2677  4.2909  4.1675  4.1402  4.0693
  85  0.731035  3.8122  4.4542  0.0499  5.0907  4.9183  4.7808  4.5918  4.6678  4.5194  4.3930  4.2361  4.2589  4.1365  4.1095  4.0395
  86  0.734470  3.8134  4.4476  0.0634  5.0523  4.8818  4.7455  4.5580  4.6334  4.4861  4.3606  4.2050  4.2274  4.1059  4.0793  4.0101
  87  0.737839  3.8146  4.4410  0.0766  5.0148  4.8460  4.7109  4.5247  4.5996  4.4534  4.3287  4.1744  4.1965  4.0758  4.0496  3.9812
  88  0.741146  3.8157  4.4345  0.0896  4.9780  4.8109  4.6769  4.4920  4.5664  4.4213  4.2974  4.1443  4.1661  4.0463  4.0203  3.9527
  89  0.744393  3.8168  4.4279  0.1023  4.9420  4.7765  4.6437  4.4600  4.5338  4.3898  4.2666  4.1148  4.1363  4.0172  3.9915  3.9247
  90  0.747578  3.8178  4.4214  0.1148  4.9069  4.7429  4.6110  4.4286  4.5019  4.3589  4.2364  4.0858  4.1069  3.9885  3.9631  3.8970
  91  0.750708  3.8188  4.4149  0.1271  4.8725  4.7099  4.5790  4.3977  4.4706  4.3285  4.2067  4.0572  4.0781  3.9604  3.9353  3.8699
  92  0.753780  3.8197  4.4083  0.1391  4.8389  4.6777  4.5477  4.3675  4.4400  4.2987  4.1776  4.0292  4.0497  3.9328  3.9078  3.8431
  93  0.756800  3.8206  4.4017  0.1509  4.8061  4.6461  4.5169  4.3377  4.4099  4.2695  4.1489  4.0015  4.0218  3.9055  3.8808  3.8167
  94  0.759772  3.8214  4.3952  0.1625  4.7739  4.6151  4.4867  4.3085  4.3803  4.2407  4.1208  3.9743  3.9943  3.8787  3.8542  3.7907
  95  0.762697  3.8222  4.3887  0.1739  4.7423  4.5846  4.4569  4.2798  4.3512  4.2124  4.0931  3.9475  3.9672  3.8523  3.8280  3.7651
  96  0.765579  3.8230  4.3822  0.1851  4.7114  4.5548  4.4277  4.2516  4.3226  4.1846  4.0658  3.9211  3.9405  3.8262  3.8022  3.7397
  97  0.768423  3.8237  4.3757  0.1962  4.6810  4.5254  4.3990  4.2238  4.2945  4.1571  4.0389  3.8950  3.9142  3.8005  3.7767  3.7147
  98  0.771226  3.8244  4.3692  0.2070  4.6511  4.4965  4.3708  4.1964  4.2668  4.1301  4.0124  3.8694  3.8882  3.7752  3.7515  3.6901
  99  0.773996  3.8251  4.3627  0.2177  4.6218  4.4681  4.3429  4.1695  4.2395  4.1035  3.9863  3.8440  3.8627  3.7502  3.7267  3.6657
 100  0.776732  3.8258  4.3563  0.2283  4.5929  4.4401  4.3155  4.1429  4.2126  4.0773  3.9606  3.8191  3.8375  3.7255  3.7022  3.6417
 101  0.779435  3.8264  4.3499  0.2387  4.5646  4.4126  4.2886  4.1167  4.1862  4.0515  3.9352  3.7944  3.8126  3.7012  3.6780  3.6179
 102  0.782105  3.8270  4.3436  0.2489  4.5367  4.3855  4.2620  4.0910  4.1601  4.0260  3.9102  3.7701  3.7881  3.6772  3.6541  3.5945
 103  0.784739  3.8276  4.3373  0.2590  4.5093  4.3589  4.2358  4.0655  4.1344  4.0009  3.8855  3.7462  3.7639  3.6535  3.6306  3.5713
 104  0.787336  3.8281  4.3311  0.2689  4.4822  4.3326  4.2101  4.0405  4.1091  3.9762  3.8612  3.7226  3.7401  3.6301  3.6074  3.5485
 105  0.789886  3.8287  4.3249  0.2787  4.4557  4.3068  4.1847  4.0159  4.0842  3.9518  3.8372  3.6993  3.7167  3.6071  3.5845  3.5260
 106  0.792380  3.8292  4.3188  0.2883  4.4296  4.2814  4.1598  3.9916  4.0597  3.9278  3.8137  3.6765  3.6936  3.5844  3.5620  3.5039
 107  0.794815  3.8297  4.3127  0.2978  4.4040  4.2565  4.1353  3.9678  4.0356  3.9043  3.7905  3.6540  3.6709  3.5622  3.5399  3.4821
 108  0.797179  3.8302  4.3068  0.3070  4.3788  4.2319  4.1112  3.9444  4.0119  3.8811  3.7677  3.6318  3.6486  3.5403  3.5181  3.4607
 109  0.799474  3.8307  4.3009  0.3162  4.3541  4.2078  4.0875  3.9213  3.9887  3.8584  3.7454  3.6101  3.6267  3.5188  3.4967  3.4397
 110  0.801692  3.8312  4.2952  0.3251  4.3298  4.1842  4.0643  3.8988  3.9658  3.8360  3.7234  3.5888  3.6052  3.4977  3.4758  3.4191
 111  0.803842  3.8317  4.2896  0.3339  4.3059  4.1610  4.0415  3.8766  3.9434  3.8142  3.7019  3.5680  3.5842  3.4771  3.4553  3.3989
 112  0.805555  3.8321  4.2850  0.3409  4.2868  4.1423  4.0232  3.8588  3.9254  3.7966  3.6847  3.5512  3.5673  3.4605  3.4388  3.3827
 113  0.807275  3.8326  4.2805  0.3481  4.2673  4.1233  4.0046  3.8407  3.9072  3.7787  3.6671  3.5343  3.5502  3.4437  3.4221  3.3663
 114  0.809004  3.8330  4.2759  0.3553  4.2475  4.1041  3.9857  3.8224  3.8887  3.7607  3.6494  3.5171  3.5328  3.4267  3.4053  3.3498
 115  0.810743  3.8334  4.2713  0.3627  4.2275  4.0846  3.9666  3.8039  3.8699  3.7423  3.6314  3.4997  3.5152  3.4095  3.3882  3.3330
 116  0.812492  3.8339  4.2666  0.3701  4.2072  4.0649  3.9472  3.7851  3.8509  3.7238  3.6132  3.4820  3.4974  3.3921  3.3709  3.3160
 117  0.814250  3.8343  4.2618  0.3777  4.1866  4.0449  3.9276  3.7660  3.8316  3.7050  3.5947  3.4642  3.4794  3.3744  3.3533  3.2987
 118  0.816020  3.8348  4.2569  0.3853  4.1658  4.0246  3.9077  3.7467  3.8121  3.6859  3.5760  3.4460  3.4611  3.3565  3.3355  3.2812
 119  0.817800  3.8353  4.2520  0.3930  4.1447  4.0041  3.8875  3.7271  3.7923  3.6666  3.5570  3.4277  3.4425  3.3384  3.3175  3.2635
 120  0.819591  3.8357  4.2469  0.4009  4.1233  3.9833  3.8671  3.7073  3.7722  3.6470  3.5378  3.4090  3.4237  3.3200  3.2992  3.2456
 121  0.821394  3.8362  4.2418  0.4088  4.1016  3.9622  3.8464  3.6871  3.7519  3.6271  3.5183  3.3901  3.4046  3.3013  3.2807  3.2274
 122  0.823207  3.8367  4.2366  0.4169  4.0797  3.9408  3.8254  3.6668  3.7313  3.6070  3.4985  3.3710  3.3853  3.2824  3.2619  3.2089
 123  0.825025  3.8372  4.2313  0.4251  4.0574  3.9190  3.8040  3.6460  3.7103  3.5865  3.4784  3.3515  3.3656  3.2632  3.2428  3.1901
 124  0.826857  3.8376  4.2260  0.4334  4.0348  3.8970  3.7824  3.6250  3.6891  3.5658  3.4581  3.3319  3.3458  3.2438  3.2235  3.1712
 125  0.828699  3.8381  4.2205  0.4418  4.0120  3.8748  3.7606  3.6038  3.6676  3.5448  3.4375  3.3119  3.3256  3.2240  3.2039  3.1519
 126  0.830551  3.8386  4.2149  0.4503  3.9889  3.8523  3.7384  3.5823  3.6459  3.5236  3.4166  3.2916  3.3052  3.2040  3.1840  3.1323
 127  0.832411  3.8391  4.2091  0.4589  3.9656  3.8295  3.7160  3.5605  3.6239  3.5021  3.3955  3.2711  3.2844  3.1837  3.1638  3.1125
 128  0.834278  3.8395  4.2032  0.4676  3.9420  3.8065  3.6934  3.5384  3.6016  3.4802  3.3740  3.2502  3.2634  3.1631  3.1433  3.0922
 129  0.836149  3.8400  4.1971  0.4764  3.9182  3.7832  3.6704  3.5160  3.5790  3.4581  3.3522  3.2291  3.2420  3.1421  3.1225  3.0717
 130  0.838023  3.8404  4.1907  0.4854  3.8941  3.7596  3.6472  3.4933  3.5561  3.4357  3.3301  3.2076  3.2203  3.1208  3.1013  3.0508
 131  0.839898  3.8408  4.1842  0.4945  3.8698  3.7358  3.6237  3.4703  3.5329  3.4130  3.3077  3.1857  3.1983  3.0992  3.0797  3.0295
 132  0.841769  3.8411  4.1774  0.5036  3.8453  3.7117  3.5999  3.4471  3.5095  3.3899  3.2850  3.1634  3.1759  3.0771  3.0577  3.0078
 133  0.843636  3.8415  4.1704  0.5130  3.8206  3.6874  3.5758  3.4235  3.4857  3.3665  3.2619  3.1408  3.1531  3.0547  3.0354  2.9856
 134  0.845498  3.8418  4.1631  0.5224  3.7957  3.6629  3.5515  3.3996  3.4617  3.3429  3.2385  3.1179  3.1300  3.0319  3.0127  2.9631
 135  0.847353  3.8420  4.1556  0.5319  3.7706  3.6381  3.5270  3.3755  3.4374  3.3189  3.2148  3.0945  3.1066  3.0088  2.9896  2.9402
 136  0.849196  3.8422  4.1478  0.5415  3.7453  3.6132  3.5022  3.3511  3.4129  3.2946  3.1907  3.0708  3.0828  2.9852  2.9661  2.9168
 137  0.851029  3.8424  4.1397  0.5513  3.7199  3.5880  3.4772  3.3264  3.3881  3.2701  3.1664  3.0468  3.0587  2.9613  2.9423  2.8931
 138  0.852848  3.8425  4.1313  0.5611  3.6944  3.5628  3.4521  3.3016  3.3632  3.2454  3.1418  3.0224  3.0342  2.9371  2.9180  2.8689
 139  0.854653  3.8426  4.1226  0.5710  3.6688  3.5373  3.4268  3.2765  3.3380  3.2204  3.1169  2.9977  3.0095  2.9125  2.8935  2.8444
 140  0.856442  3.8427  4.1136  0.5810  3.6432  3.5118  3.4013  3.2512  3.3126  3.1951  3.0918  2.9727  2.9844  2.8876  2.8685  2.8194
 141  0.858213  3.8426  4.1043  0.5911  3.6175  3.4862  3.3757  3.2257  3.2871  3.1696  3.0663  2.9473  2.9590  2.8623  2.8432  2.7941
 142  0.859964  3.8425  4.0947  0.6012  3.5918  3.4605  3.3500  3.2000  3.2614  3.1440  3.0407  2.9216  2.9333  2.8366  2.8175  2.7683
 143  0.861693  3.8424  4.0847  0.6115  3.5661  3.4347  3.3241  3.1741  3.2356  3.1181  3.0147  2.8955  2.9073  2.8106  2.7915  2.7421
 144  0.863399  3.8421  4.0743  0.6218  3.5404  3.4089  3.2983  3.1481  3.2096  3.0920  2.9886  2.8691  2.8810  2.7843  2.7650  2.7154
 145  0.865080  3.8418  4.0635  0.6321  3.5149  3.3831  3.2723  3.1220  3.1835  3.0657  2.9622  2.8424  2.8544  2.7575  2.7382  2.6884
 146  0.866733  3.8414  4.0523  0.6425  3.4894  3.3574  3.2463  3.0957  3.1574  3.0393  2.9355  2.8153  2.8274  2.7304  2.7110  2.6608
 147  0.868358  3.8409  4.0406  0.6530  3.4641  3.3317  3.2204  3.0694  3.1312  3.0127  2.9087  2.7879  2.8002  2.7030  2.6833  2.6328
 148  0.869952  3.8403  4.0285  0.6635  3.4391  3.3061  3.1945  3.0429  3.1049  2.9860  2.8816  2.7601  2.7727  2.6751  2.6553  2.6044
 149  0.871514  3.8395  4.0158  0.6740  3.4143  3.2807  3.1686  3.0164  3.0786  2.9592  2.8544  2.7321  2.7449  2.6469  2.6269  2.5754
 150  0.873041  3.8387  4.0027  0.6845  3.3899  3.2555  3.1429  2.9899  3.0524  2.9323  2.8270  2.7037  2.7169  2.6184  2.5981  2.5460
 151  0.874533  3.8377  3.9889  0.6951  3.3659  3.2306  3.1174  2.9634  3.0263  2.9054  2.7995  2.6749  2.6885  2.5893  2.5689  2.5160
 152  0.875987  3.8366  3.9745  0.7057  3.3425  3.2061  3.0921  2.9370  3.0002  2.8784  2.7718  2.6458  2.6599  2.5599  2.5392  2.4855
 153  0.877405  3.8353  3.9594  0.7162  3.3196  3.1819  3.0671  2.9106  2.9744  2.8514  2.7439  2.6164  2.6310  2.5302  2.5090  2.4544
 154  0.878783  3.8338  3.9437  0.7268  3.2973  3.1581  3.0424  2.8843  2.9486  2.8244  2.7160  2.5867  2.6019  2.5000  2.4785  2.4229
 155  0.880122  3.8322  3.9273  0.7373  3.2758  3.1349  3.0180  2.8582  2.9232  2.7975  2.6880  2.5567  2.5725  2.4695  2.4475  2.3907
 156  0.881421  3.8303  3.9100  0.7478  3.2551  3.1123  2.9941  2.8323  2.8980  2.7707  2.6599  2.5263  2.5428  2.4386  2.4161  2.3580
 157  0.882683  3.8282  3.8919  0.7582  3.2355  3.0904  2.9708  2.8066  2.8731  2.7439  2.6318  2.4956  2.5129  2.4073  2.3843  2.3247
 158  0.883907  3.8259  3.8728  0.7685  3.2170  3.0694  2.9481  2.7813  2.8488  2.7175  2.6038  2.4646  2.4829  2.3756  2.3520  2.2907
 159  0.885095  3.8233  3.8527  0.7788  3.2001  3.0494  2.9262  2.7564  2.8249  2.6913  2.5758  2.4336  2.4528  2.3435  2.3192  2.2561
 160  0.886251  3.8203  3.8313  0.7889  3.1848  3.0306  2.9051  2.7320  2.8018  2.6654  2.5480  2.4023  2.4225  2.3111  2.2859  2.2207
 161  0.887379  3.8170  3.8086  0.7988  3.1717  3.0134  2.8851  2.7083  2.7794  2.6400  2.5204  2.3707  2.3922  2.2781  2.2521  2.1846
 162  0.888092  3.8147  3.7932  0.8052  3.1642  3.0030  2.8727  2.6932  2.7653  2.6238  2.5025  2.3501  2.3724  2.2567  2.2301  2.1609
 163  0.888804  3.8120  3.7769  0.8114  3.1586  2.9939  2.8614  2.6788  2.7521  2.6081  2.4850  2.3296  2.3529  2.2351  2.2078  2.1368
 164  0.889514  3.8092  3.7598  0.8173  3.1548  2.9862  2.8512  2.6651  2.7396  2.5929  2.4679  2.3093  2.3336  2.2135  2.1854  2.1123
 165  0.890225  3.8059  3.7416  0.8230  3.1535  2.9803  2.8423  2.6525  2.7283  2.5786  2.4514  2.2894  2.3148  2.1920  2.1630  2.0876
 166  0.890940  3.8023  3.7223  0.8282  3.1554  2.9768  2.8352  2.6413  2.7188  2.5657  2.4360  2.2703  2.2970  2.1709  2.1410  2.0629
 167  0.891660  3.7982  3.7015  0.8326  3.1629  2.9777  2.8316  2.6327  2.7121  2.5549  2.4222  2.2518  2.2801  2.1505  2.1194  2.0384
 168  0.892387  3.7935  3.6799  0.8359  3.1770  2.9838  2.8325  2.6275  2.7092  2.5471  2.4110  2.2349  2.2651  2.1316  2.0992  2.0148
 169  0.893112  3.7884  3.6587  0.8372  3.1982  2.9961  2.8389  2.6278  2.7118  2.5448  2.4051  2.2238  2.2556  2.1177  2.0840  1.9958
 170  0.893800  3.7831  3.6387  0.8364  3.2260  3.0143  2.8509  2.6335  2.7200  2.5478  2.4045  2.2182  2.2515  2.1091  2.0738  1.9819
 171  0.894429  3.7780  3.6214  0.8337  3.2593  3.0378  2.8683  2.6445  2.7334  2.5563  2.4094  2.2183  2.2529  2.1061  2.0695  1.9738
 172  0.895006  3.7733  3.6063  0.8299  3.2951  3.0639  2.8879  2.6585  2.7498  2.5678  2.4176  2.2221  2.2582  2.1068  2.0688  1.9696
 173  0.895544  3.7687  3.5926  0.8258  3.3309  3.0902  2.9079  2.6733  2.7669  2.5803  2.4269  2.2274  2.2648  2.1090  2.0698  1.9672
 174  0.896110  3.7642  3.5787  0.8218  3.3673  3.1169  2.9284  2.6883  2.7841  2.5928  2.4362  2.2330  2.2715  2.1113  2.0708  1.9647
 175  0.896747  3.7594  3.5614  0.8202  3.4001  3.1392  2.9442  2.6982  2.7965  2.6002  2.4402  2.2328  2.2724  2.1078  2.0659  1.9562
 176  0.897459  3.7547  3.5412  0.8219  3.4252  3.1537  2.9522  2.7005  2.8012  2.6000  2.4366  2.2251  2.2658  2.0969  2.0535  1.9402
 177  0.898070  3.7512  3.5210  0.8286  3.4305  3.1511  2.9447  2.6888  2.7913  2.5865  2.4206  2.2064  2.2479  2.0756  2.0312  1.9151
 178  0.898547  3.7488  3.5038  0.8362  3.4273  3.1423  2.9324  2.6736  2.7773  2.5699  2.4023  2.1863  2.2282  2.0535  2.0083  1.8903
 179  0.898954  3.7469  3.4882  0.8446  3.4187  3.1292  2.9165  2.6555  2.7602  2.5508  2.3819  2.1644  2.2066  2.0302  1.9844  1.8649
 180  0.899317  3.7456  3.4743  0.8533  3.4060  3.1133  2.8985  2.6360  2.7414  2.5306  2.3607  2.1422  2.1845  2.0069  1.9607  1.8402
 181  0.899653  3.7441  3.4601  0.8617  3.3951  3.0987  2.8816  2.6174  2.7235  2.5111  2.3400  2.1205  2.1629  1.9840  1.9373  1.8156
 182  0.900099  3.7425  3.4414  0.8741  3.3750  3.0747  2.8551  2.5891  2.6961  2.4818  2.3097  2.0889  2.1315  1.9511  1.9039  1.7809
 183  0.900541  3.7410  3.4225  0.8875  3.3517  3.0479  2.8261  2.5584  2.6661  2.4503  2.2771  2.0553  2.0979  1.9163  1.8686  1.7444
 184  0.900979  3.7397  3.4033  0.9017  3.3250  3.0181  2.7944  2.5253  2.6336  2.4164  2.2423  2.0196  2.0623  1.8794  1.8314  1.7061
 185  0.901412  3.7385  3.3840  0.9162  3.2974  2.9876  2.7621  2.4915  2.6005  2.3819  2.2068  1.9832  2.0261  1.8420  1.7936  1.6673
 186  0.901843  3.7373  3.3644  0.9314  3.2672  2.9548  2.7276  2.4558  2.5653  2.3455  2.1696  1.9452  1.9882  1.8030  1.7542  1.6269
 187  0.902270  3.7363  3.3446  0.9472  3.2351  2.9202  2.6916  2.4185  2.5285  2.3076  2.1310  1.9058  1.9489  1.7627  1.7135  1.5854
 188  0.902695  3.7352  3.3247  0.9631  3.2023  2.8851  2.6550  2.3807  2.4913  2.2692  2.0918  1.8659  1.9091  1.7219  1.6724  1.5434
 189  0.903117  3.7343  3.3045  0.9796  3.1678  2.8484  2.6169  2.3415  2.4525  2.2294  2.0514  1.8248  1.8680  1.6799  1.6301  1.5003
 190  0.903536  3.7333  3.2840  0.9966  3.1320  2.8104  2.5776  2.3011  2.4126  2.1885  2.0098  1.7826  1.8258  1.6368  1.5867  1.4561
 191  0.903951  3.7324  3.2633  1.0138  3.0955  2.7718  2.5376  2.2601  2.3721  2.1470  1.9676  1.7397  1.7830  1.5932  1.5427  1.4113
 192  0.904360  3.7315  3.2418  1.0319  3.0566  2.7308  2.4954  2.2169  2.3293  2.1032  1.9231  1.6947  1.7380  1.5473  1.4965  1.3644
 193  0.904759  3.7306  3.2193  1.0509  3.0156  2.6877  2.4509  2.1714  2.2843  2.0572  1.8765  1.6475  1.6908  1.4992  1.4481  1.3151
 194  0.905150  3.7297  3.1961  1.0707  2.9728  2.6428  2.4047  2.1241  2.2375  2.0094  1.8280  1.5984  1.6417  1.4493  1.3979  1.2641
 195  0.905534  3.7287  3.1721  1.0910  2.9286  2.5964  2.3569  2.0754  2.1892  1.9600  1.7780  1.5478  1.5911  1.3977  1.3460  1.2114
 196  0.905910  3.7278  3.1475  1.1121  2.8827  2.5483  2.3075  2.0249  2.1391  1.9089  1.7263  1.4955  1.5388  1.3445  1.2924  1.1570
 197  0.906278  3.7269  3.1222  1.1338  2.8354  2.4988  2.2566  1.9730  2.0877  1.8564  1.6731  1.4418  1.4851  1.2898  1.2374  1.1011
 198  0.906638  3.7259  3.0962  1.1561  2.7871  2.4482  2.2045  1.9197  2.0349  1.8025  1.6185  1.3866  1.4299  1.2335  1.1808  1.0437
 199  0.906989  3.7249  3.0695  1.1789  2.7375  2.3962  2.1510  1.8650  1.9808  1.7472  1.5624  1.3299  1.3733  1.1759  1.1228  0.9848
 200  0.907333  3.7239  3.0422  1.2023  2.6870  2.3431  2.0964  1.8092  1.9254  1.6907  1.5051  1.2720  1.3153  1.1168  1.0634  0.9245
 201  0.907667  3.7228  3.0142  1.2263  2.6356  2.2889  2.0406  1.7519  1.8687  1.6327  1.4463  1.2125  1.2558  1.0562  1.0024  0.8626
 202  0.907993  3.7217  2.9856  1.2507  2.5835  2.2339  1.9839  1.6937  1.8111  1.5737  1.3864  1.1518  1.1951  0.9945  0.9403  0.7995
 203  0.908309  3.7205  2.9561  1.2757  2.5312  2.1783  1.9265  1.6345  1.7526  1.5137  1.3254  1.0899  1.1332  0.9313  0.8767  0.7350
 204  0.908617  3.7193  2.9260  1.3011  2.4780  2.1217  1.8679  1.5742  1.6930  1.4525  1.2632  1.0268  1.0701  0.8670  0.8120  0.6692
 205  0.908913  3.7181  2.8952  1.3270  2.4239  2.0641  1.8084  1.5128  1.6323  1.3902  1.1998  0.9626  1.0058  0.8015  0.7460  0.6021
 206  0.909201  3.7168  2.8637  1.3534  2.3690  2.0056  1.7479  1.4505  1.5708  1.3269  1.1355  0.8974  0.9405  0.7349  0.6789  0.5339
 207  0.909478  3.7154  2.8317  1.3802  2.3134  1.9464  1.6865  1.3873  1.5083  1.2628  1.0703  0.8314  0.8743  0.6673  0.6108  0.4647
 208  0.909746  3.7141  2.7992  1.4074  2.2568  1.8861  1.6242  1.3232  1.4450  1.1977  1.0042  0.7645  0.8073  0.5988  0.5419  0.3945
 209  0.910003  3.7127  2.7661  1.4351  2.1997  1.8253  1.5611  1.2583  1.3808  1.1318  0.9372  0.6967  0.7393  0.5294  0.4720  0.3233
 210  0.910250  3.7112  2.7324  1.4630  2.1422  1.7639  1.4975  1.1928  1.3161  1.0653  0.8695  0.6283  0.6706  0.4592  0.4012  0.2513
 211  0.910487  3.7097  2.6982  1.4914  2.0842  1.7019  1.4332  1.1266  1.2507  0.9980  0.8010  0.5591  0.6011  0.3882  0.3297  0.1784
 212  0.910715  3.7082  2.6636  1.5200  2.0259  1.6395  1.3683  1.0598  1.1848  0.9301  0.7320  0.4893  0.5310  0.3164  0.2573  0.1046
 213  0.910932  3.7067  2.6285  1.5489  1.9673  1.5767  1.3030  0.9925  1.1183  0.8617  0.6623  0.4190  0.4602  0.2440  0.1843  0.0302
 214  0.911140  3.7051  2.5930  1.5782  1.9086  1.5135  1.2373  0.9247  1.0514  0.7927  0.5920  0.3481  0.3889  0.1710  0.1107 -0.0449
 215  0.911338  3.7034  2.5571  1.6076  1.8498  1.4501  1.1713  0.8564  0.9841  0.7233  0.5213  0.2767  0.3170  0.0973  0.0364 -0.1207
 216  0.911527  3.7018  2.5208  1.6373  1.7909  1.3865  1.1050  0.7879  0.9165  0.6535  0.4501  0.2048  0.2446  0.0232 -0.0384 -0.1971
 217  0.911553  3.7015  2.5158  1.6415  1.7826  1.3775  1.0956  0.7782  0.9070  0.6436  0.4401  0.1947  0.2344  0.0128 -0.0489 -0.2078
 218  0.911579  3.7013  2.5106  1.6457  1.7744  1.3686  1.0863  0.7686  0.8975  0.6338  0.4301  0.1845  0.2242  0.0023 -0.0594 -0.2186
 219  0.911604  3.7011  2.5055  1.6499  1.7662  1.3597  1.0770  0.7590  0.8880  0.6240  0.4200  0.1744  0.2140 -0.0082 -0.0700 -0.2293
 220  0.911630  3.7008  2.5003  1.6541  1.7579  1.3507  1.0677  0.7492  0.8784  0.6141  0.4099  0.1642  0.2038 -0.0187 -0.0806 -0.2402
 221  0.911655  3.7006  2.4951  1.6583  1.7497  1.3418  1.0583  0.7396  0.8689  0.6042  0.3998  0.1539  0.1935 -0.0292 -0.0912 -0.2511
 222  0.911680  3.7003  2.4899  1.6626  1.7414  1.3328  1.0489  0.7298  0.8593  0.5943  0.3897  0.1437  0.1832 -0.0398 -0.1019 -0.2620
 223  0.911706  3.7001  2.4846  1.6669  1.7331  1.3237  1.0395  0.7200  0.8496  0.5843  0.3795  0.1334  0.1728 -0.0504 -0.1126 -0.2729
 224  0.911731  3.6998  2.4793  1.6711  1.7247  1.3147  1.0300  0.7102  0.8400  0.5743  0.3693  0.1230  0.1624 -0.0611 -0.1234 -0.2839
 225  0.911756  3.6996  2.4740  1.6754  1.7163  1.3056  1.0205  0.7004  0.8303  0.5643  0.3591  0.1126  0.1520 -0.0718 -0.1342 -0.2950
 226  0.911781  3.6993  2.4687  1.6797  1.7080  1.2965  1.0110  0.6905  0.8206  0.5542  0.3488  0.1022  0.1416 -0.0825 -0.1450 -0.3061
 227  0.912016  3.6967  2.4160  1.7223  1.6258  1.2071  0.9178  0.5936  0.7251  0.4552  0.2477 -0.0012  0.0386 -0.1882 -0.2518 -0.4155
 228  0.912229  3.6942  2.3641  1.7640  1.5462  1.1204  0.8274  0.4995  0.6324  0.3589  0.1493 -0.1023 -0.0618 -0.2913 -0.3560 -0.5224
 229  0.912437  3.6914  2.3095  1.8078  1.4636  1.0301  0.7331  0.4011  0.5357  0.2583  0.0463 -0.2082 -0.1669 -0.3993 -0.4653 -0.6345
 230  0.912618  3.6888  2.2583  1.8487  1.3874  0.9463  0.6452  0.3094  0.4455  0.1644 -0.0498 -0.3065 -0.2651 -0.5002 -0.5673 -0.7393
 231  0.912783  3.6863  2.2079  1.8888  1.3140  0.8650  0.5595  0.2199  0.3576  0.0727 -0.1438 -0.4018 -0.3611 -0.5990 -0.6672 -0.8417
 232  0.912934  3.6837  2.1593  1.9275  1.2440  0.7871  0.4773  0.1339  0.2733 -0.0154 -0.2340 -0.4931 -0.4534 -0.6940 -0.7633 -0.9403
 233  0.913073  3.6813  2.1122  1.9648  1.1772  0.7125  0.3985  0.0513  0.1923 -0.1001 -0.3209 -0.5809 -0.5424 -0.7856 -0.8558 -1.0354
 234  0.913206  3.6789  2.0672  2.0004  1.1140  0.6418  0.3237 -0.0272  0.1155 -0.1806 -0.4035 -0.6646 -0.6270 -0.8728 -0.9441 -1.1260
 235  0.913330  3.6770  2.0301  2.0299  1.0623  0.5837  0.2624 -0.0917  0.0523 -0.2468 -0.4715 -0.7335 -0.6968 -0.9446 -1.0167 -1.2007
 236  0.913445  3.6761  2.0104  2.0458  1.0333  0.5515  0.2286 -0.1271  0.0176 -0.2831 -0.5086 -0.7710 -0.7348 -0.9836 -1.0561 -1.2411
 237  0.913565  3.6765  2.0155  2.0424  1.0372  0.5568  0.2345 -0.1205  0.0239 -0.2761 -0.5013 -0.7635 -0.7271 -0.9755 -1.0478 -1.2324
 238  0.913687  3.6743  1.9733  2.0762  0.9772  0.4897  0.1637 -0.1949 -0.0489 -0.3525 -0.5796 -0.8429 -0.8074 -1.0580 -1.1313 -1.3181
 239  0.913805  3.6711  1.9157  2.1211  0.9024  0.4042  0.0729 -0.2913 -0.1430 -0.4518 -0.6820 -0.9469 -0.9128 -1.1669 -1.2417 -1.4318
 240  0.913912  3.6680  1.8592  2.1649  0.8307  0.3219 -0.0147 -0.3846 -0.2339 -0.5481 -0.7813 -1.0479 -1.0151 -1.2727 -1.3490 -1.5425
 241  0.914006  3.6650  1.8064  2.2058  0.7650  0.2461 -0.0956 -0.4708 -0.3178 -0.6372 -0.8733 -1.1416 -1.1101 -1.3711 -1.4488 -1.6456
 242  0.914095  3.6619  1.7527  2.2472  0.6993  0.1700 -0.1767 -0.5578 -0.4023 -0.7271 -0.9661 -1.2361 -1.2060 -1.4706 -1.5497 -1.7500
 243  0.914176  3.6589  1.7006  2.2873  0.6369  0.0975 -0.2541 -0.6409 -0.4829 -0.8131 -1.0551 -1.3269 -1.2982 -1.5663 -1.6469 -1.8506
 244  0.914248  3.6560  1.6505  2.3259  0.5781  0.0288 -0.3276 -0.7200 -0.5597 -0.8952 -1.1400 -1.4136 -1.3863 -1.6580 -1.7401 -1.9471
 245  0.914315  3.6531  1.6003  2.3643  0.5206 -0.0386 -0.3996 -0.7981 -0.6352 -0.9763 -1.2240 -1.4995 -1.4735 -1.7490 -1.8325 -2.0431
 246  0.914377  3.6502  1.5511  2.4021  0.4651 -0.1039 -0.4695 -0.8742 -0.7087 -1.0554 -1.3061 -1.5835 -1.5587 -1.8381 -1.9232 -2.1372
 247  0.914433  3.6473  1.5030  2.4388  0.4125 -0.1663 -0.5361 -0.9475 -0.7793 -1.1317 -1.3853 -1.6648 -1.6410 -1.9244 -2.0110 -2.2284
 248  0.914484  3.6445  1.4561  2.4743  0.3638 -0.2248 -0.5987 -1.0169 -0.8461 -1.2042 -1.4609 -1.7425 -1.7196 -2.0073 -2.0954 -2.3162
 249  0.914533  3.6416  1.4088  2.5100  0.3160 -0.2826 -0.6604 -1.0860 -0.9123 -1.2766 -1.5363 -1.8203 -1.7983 -2.0904 -2.1801 -2.4045
 250  0.914576  3.6388  1.3638  2.5440  0.2716 -0.3364 -0.7180 -1.1509 -0.9744 -1.3446 -1.6074 -1.8936 -1.8725 -2.1691 -2.2602 -2.4881
 251  0.914618  3.6360  1.3183  2.5780  0.2285 -0.3892 -0.7742 -1.2150 -1.0357 -1.4121 -1.6781 -1.9666 -1.9464 -2.2476 -2.3403 -2.5718
 252  0.914655  3.6332  1.2742  2.6111  0.1878 -0.4394 -0.8277 -1.2766 -1.0943 -1.4770 -1.7460 -2.0370 -2.0175 -2.3235 -2.4177 -2.6527
 253  0.914691  3.6305  1.2307  2.6437  0.1487 -0.4879 -0.8791 -1.3366 -1.1513 -1.5402 -1.8123 -2.1058 -2.0870 -2.3979 -2.4937 -2.7322
 254  0.914723  3.6277  1.1879  2.6757  0.1115 -0.5345 -0.9282 -1.3947 -1.2063 -1.6016 -1.8768 -2.1728 -2.1547 -2.4707 -2.5681 -2.8101
 255  0.914754  3.6251  1.1462  2.7068  0.0762 -0.5788 -0.9746 -1.4503 -1.2589 -1.6605 -1.9387 -2.2374 -2.2198 -2.5411 -2.6400 -2.8856
 256  0.914782  3.6225  1.1054  2.7373  0.0423 -0.6214 -1.0190 -1.5042 -1.3098 -1.7177 -1.9989 -2.3002 -2.2832 -2.6098 -2.7103 -2.9594
 257  0.914808  3.6199  1.0650  2.7673  0.0101 -0.6623 -1.0612 -1.5565 -1.3589 -1.7733 -2.0574 -2.3614 -2.3450 -2.6772 -2.7792 -3.0320
 258  0.914833  3.6174  1.0255  2.7967 -0.0210 -0.7017 -1.1015 -1.6072 -1.4065 -1.8272 -2.1142 -2.4209 -2.4050 -2.7429 -2.8466 -3.1029
 259  0.914856  3.6149  0.9871  2.8252 -0.0499 -0.7387 -1.1391 -1.6554 -1.4516 -1.8785 -2.1685 -2.4778 -2.4625 -2.8064 -2.9117 -3.1715
 260  0.914877  3.6124  0.9491  2.8533 -0.0768 -0.7736 -1.1742 -1.7017 -1.4946 -1.9279 -2.2208 -2.5328 -2.5180 -2.8682 -2.9752 -3.2387
 261  0.914898  3.6099  0.9113  2.8811 -0.1025 -0.8072 -1.2076 -1.7469 -1.5365 -1.9762 -2.2720 -2.5868 -2.5724 -2.9294 -3.0381 -3.3053
 262  0.914917  3.6075  0.8747  2.9081 -0.1265 -0.8389 -1.2384 -1.7899 -1.5763 -2.0222 -2.3207 -2.6382 -2.6243 -2.9884 -3.0988 -3.3697
 263  0.914935  3.6051  0.8386  2.9345 -0.1487 -0.8686 -1.2669 -1.8310 -1.6141 -2.0663 -2.3675 -2.6877 -2.6743 -3.0458 -3.1580 -3.4327
 264  0.914951  3.6028  0.8033  2.9605 -0.1701 -0.8972 -1.2937 -1.8708 -1.6506 -2.1088 -2.4126 -2.7356 -2.7226 -3.1019 -3.2159 -3.4944
 265  0.914967  3.6004  0.7683  2.9862 -0.1905 -0.9247 -1.3190 -1.9093 -1.6859 -2.1500 -2.4564 -2.7821 -2.7698 -3.1570 -3.2729 -3.5553
 266  0.914982  3.5981  0.7341  3.0112 -0.2096 -0.9507 -1.3423 -1.9459 -1.7195 -2.1893 -2.4981 -2.8266 -2.8148 -3.2105 -3.3282 -3.6146
 267  0.914997  3.5959  0.7007  3.0357 -0.2272 -0.9750 -1.3635 -1.9808 -1.7513 -2.2267 -2.5378 -2.8690 -2.8579 -3.2624 -3.3821 -3.6726
 268  0.915010  3.5937  0.6678  3.0597 -0.2435 -0.9979 -1.3826 -2.0140 -1.7814 -2.2621 -2.5755 -2.9095 -2.8991 -3.3130 -3.4347 -3.7293
 269  0.915023  3.5915  0.6355  3.0833 -0.2585 -1.0194 -1.3998 -2.0456 -1.8100 -2.2958 -2.6112 -2.9480 -2.9385 -3.3624 -3.4862 -3.7850
 270  0.915035  3.5894  0.6038  3.1064 -0.2717 -1.0391 -1.4148 -2.0757 -1.8369 -2.3275 -2.6449 -2.9845 -2.9759 -3.4103 -3.5364 -3.8395
 271  0.915046  3.5872  0.5725  3.1292 -0.2839 -1.0577 -1.4282 -2.1045 -1.8625 -2.3578 -2.6770 -3.0194 -3.0118 -3.4574 -3.5857 -3.8933
 272  0.915057  3.5852  0.5421  3.1513 -0.2947 -1.0747 -1.4395 -2.1314 -1.8863 -2.3859 -2.7068 -3.0520 -3.0454 -3.5027 -3.6334 -3.9454
 273  0.915067  3.5831  0.5120  3.1732 -0.3040 -1.0900 -1.4484 -2.1567 -1.9084 -2.4120 -2.7345 -3.0825 -3.0770 -3.5470 -3.6800 -3.9968
 274  0.915077  3.5811  0.4827  3.1944 -0.3108 -1.1029 -1.4539 -2.1794 -1.9278 -2.4354 -2.7593 -3.1102 -3.1060 -3.5894 -3.7250 -4.0465
 275  0.915086  3.5791  0.4537  3.2154 -0.3163 -1.1145 -1.4571 -2.2010 -1.9460 -2.4574 -2.7826 -3.1364 -3.1336 -3.6313 -3.7695 -4.0961
 276  0.915095  3.5771  0.4256  3.2357 -0.3210 -1.1249 -1.4586 -2.2210 -1.9627 -2.4774 -2.8038 -3.1606 -3.1591 -3.6713 -3.8123 -4.1438
 277  0.915104  3.5753  0.3985  3.2554 -0.3252 -1.1346 -1.4589 -2.2396 -1.9781 -2.4958 -2.8231 -3.1829 -3.1828 -3.7100 -3.8536 -4.1901
 278  0.915112  3.5733  0.3713  3.2745 -0.3242 -1.1389 -1.4521 -2.2532 -1.9883 -2.5087 -2.8368 -3.1999 -3.2014 -3.7459 -3.8926 -4.2347
 279  0.915120  3.5716  0.3477  3.2916 -0.3265 -1.1458 -1.4495 -2.2673 -1.9996 -2.5221 -2.8507 -3.2165 -3.2193 -3.7789 -3.9282 -4.2748